% .SEGMENT LETTER ? ? "0"
% 
% .PEN_DOWN
1582 2840   7  39  26
1583 2838  11  38  26
1584 2836  15  38  26
1584 2836  17  37  26
1585 2837  20  37  26
1585 2835  22  39  26
1586 2837  26  39  26
1586 2838  27  38  26
1585 2839  31  40  26
1585 2843  32  40  26
1585 2846  35  40  28
1584 2853  35  40  28
1583 2860  34  40  27
1583 2868  34  40  28
1582 2875  36  40  28
1578 2885  35  40  28
1576 2891  34  40  28
1572 2899  34  40  28
1569 2904  34  40  28
1565 2908  34  39  28
1561 2912  34  39  27
1556 2912  34  41  27
1551 2912  34  41  27
1546 2910  36  41  27
1541 2907  38  41  28
1537 2901  38  43  28
1532 2891  38  43  28
1529 2878  39  42  27
1526 2862  39  42  27
1522 2845  41  41  27
1519 2827  42  41  27
1518 2807  45  41  27
1516 2792  47  41  27
1517 2778  50  41  27
1519 2765  52  41  27
1523 2753  53  41  27
1526 2746  53  42  25
1530 2740  53  42  25
1534 2736  53  42  26
1539 2735  53  40  26
1545 2735  53  40  24
1552 2739  53  40  24
1558 2749  53  40  25
1564 2761  53  40  25
1570 2772  53  40  25
1576 2785  54  40  27
1580 2799  54  40  25
1583 2816  51  38  25
1588 2831  50  38  27
1591 2844  47  40  27
1592 2859  48  41  28
1594 2870  46  41  28
1594 2877  45  41  26
1594 2879  47  41  26
1594 2880  48  41  28
1590 2874  51  41  27
1587 2866  52  41  27
1585 2854  53  41  27
1583 2839  56  41  27
1579 2820  57  38  27
1578 2804  58  38  27
1575 2789  58  39  27
1577 2774  58  39  26
1580 2761  58  40  26
1583 2754  58  40  26
1589 2747  58  39  26
1597 2744  51  39  26
1605 2744  38  37  28
1613 2747  19  37  28
% 
% .PEN_UP
1623 2752   0  37  28
1631 2757   0  37  28
1638 2757   0  37  28
1648 2764   0  37  28
1656 2770   0  41  28
1669 2779   0  41  28
1681 2783   0  41  28
1691 2792   0  41  28
1705 2795   0  39  28
1714 2797   0  39  28
1721 2790   0  39  28
1726 2789   0  39  28
1730 2786   0  38  28
1731 2780   0  38  28
1728 2778   0  39  28
1725 2777   0  39  28
1722 2781   0  42  28
1718 2783   0  42  28
1711 2791   0  41  28
1706 2794   0  41  28
1704 2799   0  42  28
1701 2802   0  42  28
1698 2805   0  42  28
1695 2810   0  42  28
1693 2812   0  42  28
1691 2818   0  42  28
1691 2821   0  42  27
1690 2825   0  42  27
1690 2829   0  44  27
1691 2831   0  44  24
1690 2835   0  43  24
1690 2837   0  43  25
1691 2840   0  43  25
1690 2843   0  43  23
1689 2846   0  42  23
1688 2849   0  42  24
1688 2851   0  42  25
1687 2855   0  42  25
% 
% .PEN_DOWN
1686 2859   2  42  25
1686 2860   3  42  25
1686 2863   6  41  25
1686 2865   8  41  27
1686 2870   8  41  27
1687 2874  11  41  28
1688 2877  13  41  28
1688 2880  16  41  28
1688 2883  17  41  28
1688 2886  18  41  28
1688 2888  21  41  28
1688 2890  25  41  28
1687 2886  27  41  28
1686 2883  30  41  28
1685 2879  32  41  28
1684 2870  35  41  29
1683 2857  37  41  28
1682 2844  40  41  28
1680 2828  44  41  28
1680 2811  46  41  28
1679 2794  50  41  28
1681 2778  54  41  26
1684 2766  56  41  26
1688 2756  57  41  28
1694 2748  58  41  28
1699 2742  58  41  27
1707 2740  58  40  27
1713 2742  58  40  28
1721 2744  58  40  28
1729 2749  58  40  27
1738 2756  58  41  27
1743 2766  58  41  27
1748 2779  58  41  27
1753 2791  58  41  27
1755 2802  56  38  27
1758 2815  57  38  27
1759 2829  55  38  27
1758 2841  54  38  27
1755 2852  54  38  27
1753 2863  54  38  28
1749 2874  51  39  26
1745 2882  47  39  26
1740 2888  43  38  26
1738 2890  36  38  27
1736 2888  25  39  27
% 
% .PEN_UP
1733 2884   0  38  28
1733 2873   0  38  28
1733 2862   0  38  26
1733 2851   0  39  26
1735 2840   0  39  26
1740 2831   0  39  26
1744 2821   0  39  26
1749 2810   0  36  26
1754 2801   0  36  26
1758 2789   0  36  26
1763 2783   0  36  26
1769 2773   0  35  27
1774 2764   0  35  27
1777 2758   0  35  27
1778 2749   0  35  26
1781 2746   0  35  26
1781 2745   0  35  28
1780 2744   0  35  28
1780 2744   0  35  29
1780 2744   0  35  29
1780 2748   0  35  29
1777 2750   0  35  29
1778 2751   0  35  29
1776 2751   0  38  29
1773 2749   0  37  29
1772 2751   0  37  29
1771 2751   0  37  29
1769 2753   0  38  29
1768 2753   0  38  29
1767 2755   0  39  29
1766 2754   0  41  31
1767 2752   0  41  31
1767 2751   0  41  30
1766 2750   0  40  30
1766 2746   0  39  30
% 
% .PEN_DOWN
1767 2744  11  39  30
1767 2745  17  39  28
1768 2745  21  39  28
1771 2745  25  39  27
1773 2747  29  39  27
1774 2751  32  39  28
1776 2759  35  39  28
1779 2764  34  39  26
1781 2772  37  39  26
1784 2780  38  39  26
1784 2789  38  39  26
1784 2794  41  39  26
1784 2797  42  39  26
1781 2800  43  39  26
1778 2800  46  37  26
1775 2799  47  37  26
1770 2797  50  40  26
1766 2792  54  40  26
1763 2783  56  41  28
1760 2772  57  41  28
1759 2762  55  41  28
1759 2751  54  41  29
1762 2741  54  42  29
1764 2736  54  41  30
1768 2731  54  41  30
1772 2727  51  41  30
1779 2727  42  41  30
1786 2729  31  41  28
1791 2731  17  41  29
% 
% .PEN_UP
1797 2734   0  41  29
1802 2734   0  41  29
1804 2734   0  41  28
1807 2736   0  41  28
1809 2738   0  41  29
1810 2738   0  41  29
1810 2740   0  41  29
1811 2741   0  41  29
1811 2746   0  41  27
1811 2751   0  41  27
1809 2756   0  41  28
1806 2760   0  41  28
1805 2762   0  41  29
1802 2769   0  41  29
1799 2772   0  41  29
1797 2774   0  41  29
1796 2779   0  41  29
% 
% .PEN_DOWN
1795 2781   8  41  29
1792 2782  11  41  29
1793 2784  15  41  29
1793 2786  20  41  29
1793 2785  22  41  29
1793 2784  25  41  29
1794 2782  27  41  29
1795 2780  28  41  29
1798 2778  31  41  29
1798 2773  32  41  31
1800 2766  33  41  31
1800 2758  36  41  30
1802 2753  37  41  30
1801 2747  38  41  28
1802 2743  38  41  28
1803 2742  39  41  27
1802 2741  39  41  27
1803 2739  41  41  27
1802 2740  42  41  27
1803 2743  43  41  28
1803 2748  43  41  28
1803 2756  44  41  27
1805 2762  41  41  27
1807 2767  42  41  27
1808 2774  43  41  27
1810 2781  43  41  27
1811 2786  44  41  27
1816 2789  44  41  27
1818 2792  44  41  27
1820 2790  44  41  27
1819 2789  44  41  27
1820 2788  44  41  27
1819 2784  46  43  27
1819 2781  45  43  27
1817 2779  44  41  28
1814 2770  44  41  28
1811 2766  46  41  28
1808 2762  47  41  29
1804 2757  48  41  29
1801 2752  48  41  27
1799 2748  48  41  27
1798 2747  48  41  27
1800 2744  48  41  27
1802 2742  48  41  26
1803 2740  48  41  26
1807 2740  46  41  28
1810 2737  40  41  28
1815 2737  32  41  29
1820 2736  21  39  29
% 
% .PEN_UP
1826 2736   0  39  30
1832 2737   0  38  28
1838 2736   0  38  28
1843 2739   0  38  28
1848 2743   0  38  26
1855 2742   0  39  26
1859 2745   0  40  26
1862 2748   0  40  26
1865 2753   0  40  30
1867 2755   0  38  30
1868 2760   0  38  31
1870 2767   0  37  31
1872 2773   0  37  31
1871 2776   0  38  31
1870 2781   0  38  31
1870 2784   0  37  31
1867 2786   0  40  31
% 
% .PEN_DOWN
1866 2787  13  40  31
1862 2790  18  40  31
1857 2791  24  39  31
1855 2791  31  39  31
1850 2791  35  40  31
1844 2791  37  40  31
1841 2790  40  41  31
1837 2785  42  41  31
1834 2781  43  41  31
1833 2779  43  41  31
1831 2776  44  41  31
1833 2776  44  41  31
1834 2773  44  41  28
1838 2771  44  41  28
1841 2769  44  37  28
1848 2765  44  37  26
1855 2762  44  36  25
1860 2762  44  36  25
1864 2760  44  38  25
1868 2755  44  38  26
1869 2747  44  37  26
1868 2741  44  37  26
1869 2738  46  38  26
1866 2734  47  38  26
1861 2728  48  38  26
1857 2724  48  40  28
1852 2722  46  40  28
1846 2721  42  40  28
1841 2721  36  41  28
1837 2724  27  41  27
1834 2729  21  41  29
1834 2734  13  41  29
% 
% .PEN_UP
1834 2741   0  41  29
1836 2751   0  41  31
1837 2757   0  39  31
1841 2764   0  39  32
1844 2771   0  41  32
1849 2779   0  41  32
1855 2785   0  40  32
1861 2792   0  40  32
1865 2798   0  38  32
1870 2801   0  38  32
1873 2804   0  37  32
1876 2806   0  37  32
1876 2807   0  36  32
% 
% .PEN_DOWN
1878 2805  29  36  32
1880 2802  34  36  32
1881 2801  39  36  32
1883 2800  44  38  32
1884 2796  46  38  32
1885 2792  47  37  32
1885 2786  50  37  32
1883 2778  52  37  32
1884 2773  55  37  30
1884 2765  57  36  30
1884 2756  58  38  28
1884 2749  56  38  28
1885 2743  57  38  29
1887 2739  55  38  28
1891 2735  52  38  30
1895 2735  45  38  30
1898 2736  35  38  28
1903 2738  22  38  28
% 
% .PEN_UP
1907 2740   0  38  29
1909 2743   0  38  29
1911 2746   0  38  29
1912 2750   0  36  29
1912 2756   0  36  29
1913 2757   0  36  29
1912 2761   0  36  29
1910 2764   0  37  29
1905 2768   0  37  29
1901 2769   0  38  29
1893 2773   0  38  29
1885 2775   0  39  29
1879 2777   0  39  29
1874 2776   0  40  29
1872 2777   0  40  29
1870 2775   0  40  27
% 
% .PEN_DOWN
1867 2773  29  40  27
1867 2775  36  40  27
1867 2774  40  37  27
1872 2775  42  38  27
1874 2776  43  38  27
1879 2777  43  37  27
1886 2778  44  37  27
1891 2779  36  37  27
1895 2780  20  37  27
% 
% .PEN_UP
1900 2780   0  37  27
1903 2777   0  37  27
1906 2776   0  36  27
1908 2771   0  36  30
1915 2772   0  36  30
1925 2774   0  36  30
1934 2774   0  36  30
1944 2773   0  36  33
1954 2775   0  36  33
1963 2773   0  36  35
1975 2770   0  40  35
1984 2771   0  40  32
1989 2765   0  41  31
1987 2763   0  41  31
1986 2755   0  42  31
1979 2749   0  42  30
1975 2743   0  43  30
1968 2741   0  43  30
1961 2737   0  43  30
1957 2739   0  43  30
1948 2741   0  43  30
1944 2746   0  43  30
1942 2748   0  43  30
1938 2751   0  43  30
1936 2758   0  43  30
1936 2763   0  43  30
1934 2768   0  43  30
1933 2769   0  43  29
1932 2771   0  43  29
1931 2773   0  43  29
1930 2775   0  40  29
1929 2777   0  40  29
1926 2777   0  40  29
1926 2778   0  39  29
1925 2779   0  39  29
1924 2780   0  39  29
1926 2780   0  39  29
1925 2782   0  39  29
1924 2783   0  39  29
1923 2785   0  39  29
1923 2784   0  39  29
1922 2786   0  39  29
1920 2787   0  39  29
% 
% .PEN_DOWN
1920 2787   7  39  29
1919 2787   8  41  29
1919 2787   9  37  29
1919 2787   9  38  29
1919 2787  12  38  29
1921 2787  13  37  29
1921 2784  16  37  29
1921 2784  20  36  29
1922 2780  22  36  29
1923 2774  25  36  29
1924 2768  27  36  29
1924 2762  30  36  29
1924 2754  32  36  27
1926 2748  33  36  27
1927 2742  33  35  27
1925 2738  34  35  27
1925 2735  34  35  26
1925 2735  34  37  26
1925 2734  34  36  28
1926 2735  34  36  28
1926 2737  34  36  27
1925 2742  34  38  29
1925 2747  34  38  30
1925 2754  34  38  30
1925 2763  34  38  29
1927 2770  34  39  29
1929 2775  34  39  29
1930 2779  34  39  29
1933 2782  34  39  29
1938 2785  36  39  29
1941 2787  38  39  29
1942 2785  38  39  29
1942 2783  41  39  29
1944 2780  42  39  29
1943 2777  43  39  29
1943 2772  46  39  29
1943 2766  47  39  29
1941 2759  48  39  29
1938 2756  46  39  29
1937 2753  47  39  29
1935 2751  48  39  29
1934 2748  48  39  29
1931 2746  48  39  28
1930 2746  48  37  30
1930 2746  48  37  30
1929 2745  46  36  30
1928 2746  45  36  28
1931 2745  42  36  28
1932 2743  35  36  29
1936 2741  27  36  29
1939 2741  18  36  29
1944 2740  11  36  27
% 
% .PEN_UP
1949 2739   0  36  28
1954 2737   0  36  28
1958 2738   0  36  27
1962 2740   0  36  27
1967 2741   0  36  28
1970 2742   0  39  29
1974 2742   0  39  29
1980 2744   0  40  29
1982 2745   0  40  28
1985 2745   0  40  29
1985 2746   0  40  29
1985 2746   0  39  29
% 
% .PEN_DOWN
1986 2747  14  39  29
1987 2750  19  38  29
1987 2754  22  37  29
1988 2760  23  37  29
1988 2764  23  37  27
1989 2771  24  37  27
1987 2776  26  37  27
1984 2780  30  39  27
1981 2784  32  39  27
1979 2786  38  38  27
1976 2787  41  38  27
1971 2784  42  38  27
1968 2782  43  38  27
1963 2777  43  38  27
1959 2771  46  38  28
1955 2761  47  38  28
1953 2750  50  38  29
1952 2740  52  38  30
1952 2733  53  38  30
1954 2726  53  38  30
1955 2721  53  39  30
1958 2719  53  38  30
1963 2720  53  38  30
1969 2727  53  39  30
1975 2732  53  39  30
1979 2739  51  38  30
1983 2746  47  38  30
1987 2753  46  39  30
1988 2760  45  39  29
1989 2760  44  38  29
1990 2760  44  40  29
1992 2760  44  40  29
1992 2756  44  40  29
1992 2752  46  40  29
1990 2745  47  40  28
1991 2736  48  39  27
1993 2730  48  39  27
1994 2726  48  38  27
1995 2724  48  38  27
1998 2724  51  38  27
2002 2727  50  38  27
2005 2734  49  38  27
2008 2741  49  38  28
2012 2750  49  38  28
2014 2761  49  39  28
2016 2771  49  39  28
2016 2779  49  39  28
2018 2786  49  39  28
2018 2791  49  39  28
2018 2795  46  37  28
2018 2798  47  37  28
2018 2797  48  40  28
2017 2798  51  40  28
2017 2795  52  41  28
2016 2792  53  40  28
2013 2785  53  40  28
2011 2780  53  40  28
2010 2771  53  41  28
2010 2761  56  38  27
2012 2751  57  38  27
2014 2744  58  38  29
2016 2736  58  37  29
2022 2729  58  37  26
2025 2725  56  36  26
2031 2724  50  36  26
2037 2723  42  35  26
2043 2725  30  35  26
2047 2729  17  36  26
% 
% .PEN_UP
2051 2734   0  37  28
2052 2740   0  37  28
2052 2745   0  37  29
2051 2752   0  37  29
2047 2757   0  37  29
2043 2763   0  37  29
2037 2769   0  37  29
2031 2774   0  38  29
2026 2776   0  38  29
2021 2776   0  39  29
2014 2775   0  39  29
2010 2771   0  38  29
% 
% .PEN_DOWN
2007 2771  31  38  30
2005 2771  38  38  30
2005 2772  41  38  29
2005 2771  42  40  29
2008 2769  40  40  29
2014 2770  42  40  29
2021 2774  38  40  29
2026 2776  31  40  29
2032 2777  20  40  29
% 
% .PEN_UP
2037 2777   0  38  29
2041 2775   0  38  29
2044 2774   0  38  29
2047 2773   0  38  31
2050 2772   0  38  31
2052 2771   0  38  30
2054 2769   0  36  30
2055 2764   0  35  29
2056 2761   0  35  29
2056 2755   0  35  27
2058 2751   0  34  27
2057 2749   0  34  26
2057 2744   0  36  26
2057 2742   0  37  26
2057 2742   0  37  26
% 
% .PEN_DOWN
2058 2741  17  37  26
2059 2744  20  37  26
2061 2747  25  38  28
2063 2752  27  38  28
2066 2758  28  38  28
2067 2764  28  38  28
2068 2773  29  38  28
2068 2781  29  38  28
2069 2787  29  38  28
2069 2793  31  38  28
2067 2797  35  38  28
2065 2797  39  38  28
2061 2796  42  38  28
2058 2793  43  38  28
2054 2787  46  38  28
2049 2779  50  37  28
2047 2770  52  37  28
2045 2761  55  37  27
2046 2752  57  37  27
2048 2744  58  35  27
2051 2739  58  35  29
2054 2736  58  35  29
2058 2733  56  35  27
2063 2734  52  35  27
2069 2735  43  35  27
2074 2738  33  35  28
2081 2742  24  35  26
2087 2745  17  35  26
2091 2749  10  35  28
2093 2752   5  35  28
% 
% .PEN_UP
2095 2753   0  35  28
2096 2757   0  35  28
2096 2757   0  35  29
2095 2759   0  35  29
2095 2761   0  35  29
2094 2761   0  35  29
2090 2763   0  35  29
2089 2763   0  35  29
2090 2766   0  35  31
2089 2767   0  35  31
2089 2767   0  35  30
2089 2767   0  35  29
2088 2764   0  35  29
2087 2763   0  35  29
2086 2758   0  35  29
2086 2754   0  35  29
2086 2752   0  35  31
2086 2747   0  35  31
2085 2744   0  35  28
2085 2742   0  35  28
2085 2740   0  35  27
% 
% .PEN_DOWN
2086 2739  23  35  27
2086 2738  31  35  26
2085 2738  40  35  26
2086 2738  44  35  28
2088 2740  49  35  28
2091 2742  51  35  27
2094 2747  50  35  27
2096 2749  52  35  26
2099 2752  50  35  26
2100 2753  52  35  24
2099 2758  50  35  24
2100 2760  49  35  26
2101 2761  49  35  26
2101 2766  49  35  27
2100 2768  49  35  28
2101 2770  49  35  28
2098 2773  49  35  28
2096 2774  51  35  28
2092 2776  52  35  28
2086 2777  55  37  28
2079 2778  54  37  28
2071 2778  56  37  28
2060 2778  57  37  28
2049 2776  58  37  28
2034 2777  56  38  28
2016 2777  57  38  28
1998 2778  58  40  28
1977 2777  58  40  28
1956 2777  58  40  28
1930 2777  58  40  28
1899 2772  58  40  28
1867 2768  58  40  28
1838 2764  58  40  28
1808 2760  58  40  29
1778 2758  58  41  29
1747 2758  58  41  29
1717 2761  56  41  29
1690 2767  55  41  29
1665 2776  54  41  29
1643 2782  51  40  29
1621 2786  50  40  29
1597 2788  49  40  29
1577 2787  51  41  29
1555 2785  50  41  29
1538 2784  52  41  29
1523 2783  53  41  29
1511 2781  53  41  29
1500 2780  53  41  29
1492 2778  53  41  29
1487 2777  56  41  29
1485 2776  55  41  29
1485 2776  57  41  29
1484 2776  55  41  29
1484 2776  57  41  29
1487 2775  58  41  29
1490 2776  58  41  29
1495 2776  56  41  29
1503 2775  57  41  29
1511 2772  58  41  29
1525 2772  58  41  29
1543 2771  58  38  29
1567 2773  58  38  29
1594 2775  58  35  29
1622 2779  58  36  29
1653 2783  58  36  29
1689 2787  58  36  29
1728 2790  58  36  29
1764 2789  56  38  29
1800 2790  57  38  29
1837 2789  58  38  29
1876 2787  56  36  29
1909 2784  55  36  29
1940 2781  54  36  29
1969 2778  56  36  29
1998 2775  55  36  29
2025 2771  54  36  29
2049 2767  56  34  29
2067 2766  57  34  28
2082 2766  58  34  28
2090 2767  58  34  28
2096 2767  58  34  28
2098 2766  58  34  28
2100 2766  58  34  28
2100 2766  58  34  28
2098 2767  58  34  28
2096 2767  58  34  26
2093 2769  56  34  27
2091 2769  47  34  27
2087 2773  31  34  27
% 
