% .SEGMENT LETTER ? ? "0"
% 
% .PEN_DOWN
1603 2859   3  41  25
1603 2859   6  41  27
1602 2860   8  41  28
1602 2861  11  41  28
1602 2861  15  42  28
1603 2861  15  42  27
1603 2862  17  42  27
1604 2862  18  42  28
1603 2865  18  42  28
1603 2871  19  42  28
1603 2880  19  42  28
1603 2887  19  42  28
1601 2893  19  42  28
1599 2902  21  42  28
1597 2908  20  41  28
1593 2916  22  41  29
1588 2921  23  43  29
1585 2924  24  43  30
1580 2926  26  43  30
1575 2927  28  43  30
1569 2927  28  43  30
1561 2923  29  42  29
1555 2917  29  42  29
1548 2907  29  42  28
1542 2896  29  42  28
1538 2881  29  42  29
1533 2866  29  43  26
1528 2849  31  43  26
1525 2832  30  42  26
1522 2815  32  42  26
1520 2800  33  43  26
1519 2787  33  43  26
1520 2775  34  42  28
1522 2762  34  42  28
1526 2754  31  43  28
1528 2747  33  43  29
1534 2741  33  44  29
1539 2739  33  43  28
1544 2738  34  43  28
1549 2738  34  43  29
1555 2742  34  43  29
1561 2748  34  43  27
1565 2758  34  43  27
1569 2767  34  43  27
1575 2779  34  44  27
1579 2793  34  44  27
1585 2807  34  42  27
1589 2823  34  42  27
1592 2836  34  42  27
1596 2850  34  41  28
1597 2864  34  41  28
1599 2874  34  41  26
1601 2882  34  42  26
1600 2889  34  42  27
1600 2890  34  41  28
1600 2891  34  41  28
1600 2890  34  41  28
1600 2886  36  41  28
1598 2876  38  41  28
1598 2860  38  41  27
1596 2845  38  41  27
1594 2828  41  41  27
1593 2813  42  41  26
1592 2800  43  41  27
1592 2788  43  41  27
1595 2776  44  41  26
1598 2769  44  41  26
1602 2762  39  40  26
1608 2757  29  40  26
% 
% .PEN_UP
1615 2754   0  40  28
1623 2758   0  40  28
1630 2762   0  40  30
1638 2765   0  40  30
1647 2773   0  40  30
1659 2785   0  44  30
1671 2799   0  44  30
1682 2810   0  44  30
1696 2819   0  42  23
1711 2826   0  42  23
1726 2836   0  42  23
1740 2840   0  42  23
1749 2837   0  38  20
1754 2839   0  38  20
1755 2837   0  38  24
1755 2834   0  42  24
1755 2823   0  42  24
1752 2819   0  42  24
1748 2814   0  42  24
1742 2813   0  44  24
1737 2814   0  44  24
1731 2816   0  42  24
1727 2821   0  42  24
1722 2823   0  41  24
1720 2825   0  41  25
1718 2826   0  41  25
1716 2826   0  41  22
1717 2827   0  40  24
1717 2827   0  40  24
1716 2829   0  40  24
1714 2831   0  40  22
1714 2832   0  42  21
1712 2833   0  42  21
1711 2833   0  43  21
1709 2836   0  43  23
1707 2841   0  45  23
1704 2844   0  45  26
1705 2846   0  46  26
1704 2849   0  46  26
1704 2852   0  44  26
1703 2857   0  44  26
1703 2861   0  45  26
1704 2865   0  45  27
1704 2871   0  45  28
1704 2876   0  45  28
1705 2881   0  45  28
1704 2887   0  45  28
1705 2891   0  45  28
% 
% .PEN_DOWN
1705 2895   3  45  28
1705 2898   6  45  28
1704 2898  13  45  28
1703 2899  18  45  28
1702 2898  24  45  28
1700 2896  26  45  28
1701 2895  28  45  28
1699 2888  31  43  28
1697 2878  32  43  29
1694 2865  33  42  25
1691 2846  36  42  25
1690 2828  40  41  25
1690 2808  42  41  25
1690 2792  43  43  25
1692 2776  43  43  25
1694 2762  44  44  25
1697 2751  46  44  26
1703 2738  47  43  26
1709 2729  48  43  27
1716 2723  48  43  27
1724 2721  48  43  27
1732 2722  48  42  27
1743 2728  48  42  27
1750 2740  48  42  28
1757 2754  48  42  28
1763 2771  48  42  28
1768 2789  48  42  28
1773 2806  48  42  29
1776 2823  46  42  29
1776 2841  45  43  29
1776 2853  42  42  29
1772 2868  40  43  29
1770 2879  37  43  29
1767 2886  33  42  29
1764 2888  26  42  29
1763 2889  20  42  29
1761 2886  10  42  29
% 
% .PEN_UP
1760 2881   0  42  29
1760 2870   0  42  29
1760 2858   0  40  29
1761 2846   0  40  27
1763 2838   0  40  27
1766 2824   0  40  27
1769 2814   0  40  27
1774 2804   0  40  27
1780 2799   0  40  27
1784 2792   0  40  27
1787 2784   0  40  27
1789 2778   0  40  27
1792 2773   0  40  28
1792 2772   0  40  28
1794 2770   0  40  28
1795 2768   0  40  28
1793 2768   0  40  28
1794 2765   0  40  29
1795 2761   0  40  29
1793 2758   0  40  29
1793 2757   0  40  29
1791 2754   0  40  29
1792 2749   0  40  29
1791 2746   0  40  28
1790 2741   0  40  28
% 
% .PEN_DOWN
1791 2739   6  40  27
1790 2738  10  40  27
1793 2736  14  40  26
1794 2735  19  40  26
1796 2736  22  40  28
1799 2740  25  40  28
1802 2746  27  40  27
1806 2756  30  40  27
1810 2766  32  40  27
1811 2777  33  40  27
1813 2786  33  40  27
1813 2795  36  40  27
1813 2800  37  40  27
1812 2805  38  40  27
1810 2806  41  40  27
1810 2808  42  40  27
1808 2805  43  40  27
1803 2800  43  40  27
1800 2794  44  40  27
1799 2785  41  40  27
1799 2776  42  40  26
1801 2766  41  40  26
1804 2758  35  40  26
1807 2752  29  40  26
1813 2746  19  40  26
% 
% .PEN_UP
1821 2743   0  40  26
1827 2741   0  40  28
1834 2741   0  43  29
1841 2743   0  43  29
1846 2746   0  44  29
1855 2747   0  44  32
1862 2755   0  45  31
1873 2762   0  45  31
1879 2770   0  44  31
1886 2780   0  44  31
1891 2785   0  43  31
1892 2792   0  43  31
1893 2795   0  43  31
1889 2797   0  43  31
1884 2799   0  42  31
1880 2797   0  42  31
1874 2796   0  43  31
1869 2797   0  43  31
1866 2798   0  43  31
1862 2797   0  43  31
1857 2798   0  44  31
1855 2798   0  44  31
1851 2799   0  45  31
1851 2799   0  45  31
1851 2801   0  46  31
1849 2801   0  46  31
1848 2800   0  46  31
1845 2802   0  46  31
1844 2799   0  44  31
1842 2801   0  44  31
1841 2800   0  44  31
1840 2800   0  44  31
1842 2799   0  44  31
1840 2800   0  44  31
1840 2799   0  45  31
% 
% .PEN_DOWN
1839 2800   3  45  31
1840 2797   6  45  31
1841 2796  10  45  31
1843 2792  12  43  31
1845 2788  16  44  31
1847 2782  20  44  31
1847 2774  22  44  30
1848 2767  25  43  30
1849 2757  27  42  30
1849 2752  30  42  30
1849 2745  32  42  30
1850 2740  31  42  29
1850 2735  30  42  28
1850 2733  32  41  28
1848 2732  33  41  29
1849 2733  33  42  29
1848 2735  34  41  28
1848 2738  34  41  28
1847 2742  34  41  27
1849 2750  34  42  27
1850 2758  34  42  28
1852 2766  31  42  28
1855 2773  30  42  28
1859 2780  30  42  28
1862 2788  29  42  28
1868 2794  29  42  28
1870 2797  29  42  28
1874 2798  29  41  28
1874 2801  29  42  28
1875 2800  29  42  28
1877 2801  31  42  28
1875 2798  33  42  28
1872 2797  33  42  28
1869 2794  33  42  28
1867 2789  36  44  28
1865 2785  37  44  28
1861 2781  38  44  28
1859 2776  38  43  28
1856 2773  39  43  29
1853 2772  39  42  29
1853 2767  39  42  29
1854 2764  39  44  29
1856 2757  39  43  27
1858 2752  39  43  27
1863 2749  36  43  27
1868 2748  30  43  27
1873 2747  20  43  28
% 
% .PEN_UP
1880 2746   0  42  27
1886 2746   0  42  27
1892 2748   0  42  27
1897 2751   0  42  26
1901 2755   0  40  26
1908 2760   0  40  28
1913 2768   0  40  28
1916 2773   0  40  28
1920 2775   0  40  28
1923 2780   0  40  28
1925 2783   0  40  28
1924 2785   0  40  28
1924 2786   0  37  28
1924 2791   0  37  28
1923 2793   0  38  28
1923 2794   0  38  28
1923 2797   0  39  28
1921 2798   0  39  28
% 
% .PEN_DOWN
1920 2799   7  39  28
1920 2800  11  39  28
1918 2800  15  39  28
1915 2802  19  39  28
1910 2803  22  40  28
1908 2801  25  40  28
1904 2802  27  41  28
1899 2801  30  41  28
1895 2800  32  42  28
1892 2799  33  42  28
1891 2797  33  41  28
1890 2794  34  41  28
1890 2791  34  41  28
1893 2788  34  41  28
1898 2787  31  41  28
1901 2785  33  41  28
1907 2782  31  41  28
1913 2779  32  41  28
1917 2775  31  40  28
1921 2773  32  40  26
1924 2769  33  40  28
1926 2763  33  40  28
1927 2758  34  39  28
1926 2754  36  39  29
1925 2750  37  39  29
1922 2747  38  39  27
1920 2741  38  39  27
1916 2741  39  39  27
1912 2741  39  40  27
1908 2741  34  40  26
1904 2744  29  39  28
1902 2746  22  39  28
1902 2749  13  40  28
% 
% .PEN_UP
1900 2755   0  40  26
1902 2762   0  39  26
1902 2770   0  39  26
1902 2774   0  40  26
1905 2781   0  40  26
1908 2788   0  39  26
1912 2794   0  39  26
1918 2801   0  39  26
1922 2806   0  39  26
1928 2811   0  39  26
1931 2817   0  39  26
1934 2822   0  39  27
1936 2824   0  39  27
1936 2826   0  39  27
% 
% .PEN_DOWN
1939 2826   9  39  27
1939 2826  17  39  27
1940 2825  23  39  27
1941 2821  28  39  27
1943 2819  34  39  27
1942 2816  39  39  27
1941 2811  44  39  27
1940 2804  46  39  27
1939 2796  47  39  27
1937 2789  48  39  27
1936 2780  51  39  28
1935 2772  52  39  27
1935 2761  53  39  27
1934 2753  53  39  27
1934 2747  53  39  26
1937 2741  51  39  26
1939 2740  50  39  26
1941 2737  47  39  26
1945 2739  38  39  26
1948 2740  31  39  26
1952 2744  23  39  26
1956 2747  11  39  26
% 
% .PEN_UP
1958 2753   0  39  26
1961 2759   0  39  26
1963 2763   0  39  27
1963 2769   0  39  27
1962 2774   0  39  27
1960 2778   0  39  27
1957 2783   0  39  27
1953 2789   0  39  27
1948 2792   0  39  27
1945 2792   0  39  27
1940 2792   0  39  27
1936 2792   0  39  27
1932 2790   0  39  27
1928 2789   0  39  27
% 
% .PEN_DOWN
1925 2788  15  39  27
1924 2788  22  39  27
1924 2786  26  39  27
1925 2787  27  39  27
1928 2786  31  39  27
1932 2787  30  39  27
1938 2790  29  39  27
1944 2791  24  39  27
1949 2792  12  39  27
% 
% .PEN_UP
1955 2790   0  39  27
1960 2788   0  39  27
1963 2788   0  39  27
1967 2788   0  41  27
1976 2788   0  41  27
1985 2787   0  41  27
2002 2791   0  42  27
2016 2789   0  42  27
2035 2794   0  41  27
2053 2794   0  38  27
2067 2792   0  38  27
2080 2790   0  38  27
2089 2786   0  38  27
2091 2781   0  38  27
2092 2772   0  38  28
2089 2768   0  38  28
2082 2763   0  39  28
2073 2762   0  39  28
2063 2760   0  41  29
2051 2757   0  41  29
2041 2755   0  41  29
2031 2754   0  41  29
2023 2754   0  42  29
2014 2754   0  42  29
2009 2755   0  45  29
2003 2759   0  45  29
2000 2761   0  44  29
1994 2764   0  44  29
1991 2767   0  43  29
1990 2768   0  43  31
1989 2768   0  42  32
1987 2769   0  42  32
1986 2770   0  42  32
1984 2772   0  42  32
1982 2770   0  44  33
1979 2768   0  44  33
1978 2768   0  42  33
1977 2768   0  42  31
1975 2768   0  43  31
1973 2768   0  43  30
1973 2770   0  43  30
1972 2774   0  43  30
1970 2776   0  43  30
1968 2776   0  43  30
1967 2778   0  43  30
1967 2781   0  43  30
1966 2783   0  43  30
1965 2785   0  43  30
1963 2786   0  43  30
1962 2787   0  43  30
1961 2790   0  43  30
1961 2791   0  43  30
% 
% .PEN_DOWN
1961 2792   2  43  30
1961 2792   3  43  30
1962 2794   6  43  30
1962 2793   8  43  30
1963 2793   8  43  30
1963 2791  11  43  30
1963 2789  13  43  30
1964 2785  14  43  30
1965 2778  16  43  30
1965 2772  18  43  30
1965 2765  18  43  30
1965 2759  21  43  30
1965 2751  23  43  30
1965 2747  23  43  30
1965 2743  24  43  30
1965 2740  26  43  30
1965 2739  28  43  30
1965 2737  28  43  30
1964 2737  29  43  28
1964 2738  29  43  28
1964 2741  29  43  28
1965 2746  29  43  27
1965 2753  29  43  27
1965 2761  31  43  28
1966 2767  30  43  28
1968 2772  30  43  28
1968 2775  29  43  28
1970 2780  29  43  28
1972 2784  29  41  28
1975 2786  29  41  28
1977 2789  29  43  28
1980 2788  29  43  28
1981 2788  31  43  28
1981 2788  33  43  28
1982 2783  33  44  28
1982 2780  36  44  28
1981 2776  35  44  28
1979 2773  34  44  29
1977 2770  37  44  29
1974 2762  38  44  29
1973 2760  36  41  27
1971 2757  37  41  27
1970 2754  38  44  27
1968 2753  38  44  30
1968 2751  39  44  30
1967 2749  39  44  28
1967 2748  39  44  27
1970 2748  39  44  27
1971 2745  36  44  27
1974 2743  30  44  27
1976 2741  22  42  27
1981 2739  11  42  27
% 
% .PEN_UP
1986 2735   0  42  27
1992 2735   0  42  26
1997 2730   0  40  26
2001 2731   0  40  28
2009 2730   0  42  29
2014 2731   0  42  29
2018 2733   0  41  29
2022 2733   0  41  28
2026 2737   0  40  28
2028 2741   0  42  29
2030 2744   0  42  29
2029 2748   0  42  29
2032 2754   0  43  29
2032 2756   0  43  29
2032 2760   0  43  29
2031 2763   0  43  29
% 
% .PEN_DOWN
2030 2765   8  41  29
2030 2769  11  41  29
2030 2773  15  40  29
2030 2779  17  43  29
2029 2784  21  43  29
2026 2788  25  43  29
2023 2792  29  43  29
2021 2794  34  43  29
2018 2795  36  42  29
2013 2794  38  42  29
2009 2791  38  42  29
2006 2783  41  42  29
2002 2776  40  43  29
2000 2765  42  43  29
1997 2757  43  43  30
1997 2745  43  43  30
1997 2738  44  42  30
2000 2732  44  42  28
2003 2728  44  42  28
2006 2725  44  42  26
2008 2723  44  42  26
2013 2723  44  42  26
2019 2730  44  40  26
2025 2737  44  40  26
2028 2745  41  40  28
2031 2754  38  40  28
2032 2761  36  40  28
2032 2764  32  40  28
2032 2768  31  39  29
2033 2768  30  39  29
2033 2767  29  39  29
2033 2764  29  39  29
2032 2758  29  39  29
2032 2749  31  39  29
2035 2742  30  40  29
2037 2737  30  40  30
2038 2732  32  40  30
2042 2728  33  40  30
2043 2728  33  40  30
2048 2727  33  40  31
2051 2730  34  40  31
2054 2735  36  40  30
2057 2745  35  41  30
2059 2755  37  41  30
2062 2765  38  39  30
2063 2776  36  39  30
2063 2788  37  40  30
2065 2796  38  39  30
2067 2802  38  39  30
2066 2807  39  39  30
2066 2809  41  39  30
2065 2810  45  39  30
2064 2812  47  38  30
2063 2810  48  38  30
2063 2805  48  38  30
2063 2799  51  38  30
2063 2794  52  38  27
2062 2786  53  38  30
2062 2777  53  38  30
2062 2769  53  38  27
2064 2758  51  38  27
2067 2751  50  39  28
2071 2743  49  39  28
2072 2737  49  39  29
2077 2733  41  39  29
2080 2730  33  39  30
2083 2731  21  39  28
% 
% .PEN_UP
2088 2733   0  39  28
2092 2738   0  39  28
2094 2745   0  39  29
2095 2751   0  39  29
2095 2760   0  39  29
2095 2765   0  39  29
2091 2770   0  39  29
2090 2775   0  39  29
2085 2779   0  39  29
2080 2781   0  39  29
2077 2782   0  39  29
2071 2780   0  41  29
2067 2779   0  41  29
2062 2777   0  43  29
% 
% .PEN_DOWN
2058 2776  25  43  29
2056 2776  32  40  29
2055 2775  35  40  29
2056 2775  37  41  29
2057 2777  38  39  29
2059 2776  38  39  29
2063 2777  36  39  29
2066 2778  33  39  29
2070 2778  23  39  29
2072 2778  14  39  29
% 
% .PEN_UP
2077 2776   0  39  29
2081 2773   0  39  29
2082 2771   0  39  29
2083 2770   0  39  29
2085 2768   0  39  29
2087 2767   0  39  29
2087 2765   0  39  31
2088 2764   0  39  31
2088 2761   0  39  32
2088 2760   0  39  32
2089 2755   0  39  31
2088 2751   0  39  31
2089 2748   0  39  28
2091 2745   0  39  28
2090 2741   0  39  29
2090 2740   0  39  29
% 
% .PEN_DOWN
2092 2740   7  39  30
2094 2741  11  39  30
2096 2745  12  39  28
2097 2749  16  39  28
2100 2756  17  39  28
2102 2762  21  39  28
2104 2770  22  39  28
2105 2776  26  39  28
2104 2783  27  39  28
2103 2788  28  39  28
2103 2791  31  39  28
2101 2795  35  39  28
2100 2794  37  39  28
2098 2791  40  39  28
2093 2785  42  39  28
2090 2777  43  39  28
2087 2769  43  39  28
2085 2762  44  37  28
2083 2754  46  37  27
2082 2748  47  38  27
2085 2743  46  38  27
2086 2741  45  38  27
2091 2740  44  38  28
2096 2742  44  38  28
2104 2742  41  38  29
2111 2743  38  38  29
2119 2745  31  38  29
2127 2748  27  39  29
2135 2751  23  39  29
2141 2756  19  38  29
2149 2758  16  38  29
2153 2760  15  38  29
2156 2762  15  38  29
2156 2763  17  38  29
2154 2763  23  38  29
2151 2761  31  38  29
2147 2761  37  38  29
2142 2760  43  37  29
2135 2757  46  37  27
2127 2759  47  37  30
2118 2757  50  37  30
2110 2755  49  37  30
2100 2753  49  37  28
2086 2753  51  40  28
2066 2756  52  39  27
2042 2758  53  39  27
2016 2763  53  39  28
1991 2762  53  39  28
1963 2761  53  39  28
1934 2756  53  40  27
1899 2747  53  40  27
1860 2740  53  41  27
1826 2736  53  41  29
1791 2729  53  41  29
1751 2728  53  43  30
1711 2727  51  43  30
1677 2731  50  43  30
1644 2737  49  41  30
1615 2741  49  41  28
1587 2747  49  42  29
1566 2756  49  42  29
1547 2761  49  43  29
1532 2766  49  43  29
1523 2771  49  44  29
1516 2774  49  44  29
1512 2775  49  44  29
1509 2776  49  44  29
1510 2776  49  44  29
1512 2776  49  42  29
1520 2776  49  42  29
1533 2775  49  42  29
1551 2772  49  43  28
1576 2770  49  43  27
1606 2770  51  43  27
1637 2770  52  43  28
1675 2770  53  41  28
1720 2773  53  41  28
1766 2779  53  41  28
1816 2783  53  41  28
1870 2791  53  38  28
1918 2795  53  38  28
1964 2798  53  38  28
2010 2799  53  38  28
2048 2796  53  38  28
2080 2793  53  38  28
2109 2790  54  37  28
2133 2785  54  37  28
2153 2780  54  38  28
2169 2775  51  38  28
2180 2774  52  39  28
2192 2773  50  39  30
2199 2771  49  38  30
2203 2770  49  38  30
2205 2771  49  38  30
2208 2775  44  38  30
2211 2778  31  38  30
% 
