% .PEN_DOWN
1604 2901   6  42  28
1604 2903   7  42  28
1605 2906   8  42  28
1605 2912   9  42  28
1605 2918  12  43  28
1604 2926  13  44  28
1603 2935  14  44  28
1603 2943  14  44  29
1602 2954  16  44  29
1600 2965  18  44  29
1600 2975  18  44  29
1596 2984  19  44  29
1592 2990  19  46  29
1588 2994  21  46  29
1583 2999  23  46  29
1579 3004  23  46  29
1572 3006  26  46  29
1566 3005  28  45  29
1558 3005  28  47  29
1551 3001  29  47  29
1545 2996  29  45  29
1538 2988  31  45  29
1532 2978  33  46  28
1527 2968  33  46  28
1521 2954  33  46  28
1517 2936  34  46  30
1515 2916  34  46  30
1513 2895  34  46  28
1510 2875  34  46  28
1509 2854  36  46  28
1511 2836  37  46  28
1512 2820  38  46  28
1516 2805  38  47  28
1519 2793  39  47  27
1522 2783  39  45  26
1526 2774  39  45  26
1529 2765  36  45  26
1533 2758  35  44  26
1539 2753  34  47  26
1544 2749  37  47  27
1548 2750  38  44  27
1556 2751  38  44  26
1562 2757  38  45  26
1570 2765  36  45  26
1577 2777  35  46  26
1582 2791  34  46  26
1587 2805  34  45  26
1592 2820  36  44  26
1596 2839  38  44  26
1599 2859  38  44  26
1601 2881  38  44  26
1603 2900  39  44  29
1604 2918  39  44  29
1605 2934  39  44  28
1608 2949  39  43  28
1609 2958  39  42  29
1610 2966  39  42  29
1610 2972  39  42  29
1611 2975  39  42  29
1610 2976  39  42  29
1609 2973  39  42  28
1608 2965  41  42  28
1607 2953  43  41  28
1606 2937  43  41  26
1603 2917  46  43  26
1602 2895  47  44  26
1600 2868  50  44  26
1599 2843  54  44  26
1600 2822  56  44  28
1602 2806  57  44  26
1605 2789  58  44  26
1610 2776  56  44  28
1615 2766  57  43  28
1623 2758  55  43  25
1629 2756  50  43  25
1637 2756  39  43  28
1646 2762  24  43  28
% 
% .PEN_UP
1655 2771   0  43  29
1660 2777   0  43  29
1665 2787   0  43  29
1669 2791   0  46  29
1673 2801   0  46  29
1683 2808   0  47  29
1696 2817   0  46  29
1711 2826   0  46  29
1728 2836   0  46  22
1742 2839   0  44  22
1759 2848   0  44  18
1769 2848   0  43  18
1772 2843   0  43  18
1774 2837   0  42  18
1777 2829   0  42  18
1774 2825   0  41  18
1770 2823   0  41  18
1767 2820   0  42  18
1762 2817   0  42  18
1758 2818   0  42  18
1751 2823   0  42  18
1745 2828   0  44  18
1741 2835   0  44  21
1737 2844   0  46  21
1734 2857   0  46  23
1733 2869   0  47  26
1733 2882   0  47  26
1733 2894   0  45  26
1734 2908   0  45  29
1734 2918   0  46  30
1735 2930   0  46  30
1737 2940   0  45  30
1737 2947   0  45  32
1737 2953   0  46  31
1737 2958   0  46  31
1737 2962   0  46  31
1737 2964   0  46  31
1736 2966   0  46  31
1735 2966   0  46  30
% 
% .PEN_DOWN
1735 2968   6  46  30
1735 2970  10  46  30
1735 2970  14  46  30
1734 2972  17  46  30
1734 2975  23  46  30
1733 2976  28  46  30
1732 2974  31  46  30
1732 2972  35  46  30
1730 2968  37  44  28
1726 2962  38  44  28
1723 2951  38  44  28
1720 2935  39  46  28
1717 2915  41  44  28
1716 2893  42  44  27
1716 2869  45  46  27
1716 2846  47  44  27
1718 2827  48  46  27
1724 2808  48  46  27
1731 2791  51  44  27
1738 2777  52  44  26
1746 2764  53  44  27
1755 2754  53  44  27
1764 2749  53  43  27
1773 2748  53  43  27
1781 2751  53  43  27
1789 2756  53  43  28
1796 2767  53  43  28
1803 2782  53  43  28
1808 2801  53  43  28
1813 2818  53  43  28
1817 2841  54  43  28
1819 2864  54  43  27
1819 2886  54  43  29
1819 2907  54  43  29
1818 2924  54  43  29
1816 2937  51  43  28
1812 2948  47  43  28
1811 2956  41  43  29
1809 2962  30  43  29
1806 2964  15  43  29
% 
% .PEN_UP
1805 2962   0  43  30
1802 2953   0  43  30
1801 2939   0  43  30
1802 2923   0  43  29
1804 2911   0  43  29
1808 2894   0  43  25
1814 2879   0  43  25
1821 2864   0  43  24
1831 2850   0  44  24
1838 2832   0  44  24
1849 2820   0  44  24
1858 2809   0  44  24
1865 2799   0  44  24
1872 2793   0  44  24
1876 2786   0  46  24
1879 2783   0  47  29
1877 2783   0  47  29
1874 2782   0  47  31
1872 2783   0  47  31
1870 2781   0  47  28
1866 2783   0  47  29
1863 2782   0  47  29
1858 2782   0  46  29
1855 2779   0  46  29
1852 2776   0  46  29
1849 2772   0  47  30
1845 2768   0  47  30
1843 2764   0  47  30
1842 2760   0  48  30
1841 2757   0  48  28
1841 2755   0  46  27
1842 2753   0  46  27
% 
% .PEN_DOWN
1842 2753   4  45  27
1843 2753   9  45  27
1845 2753  14  45  27
1849 2756  19  45  27
1852 2763  22  45  26
1856 2772  25  45  26
1860 2782  27  45  26
1866 2795  28  45  26
1870 2808  29  44  26
1873 2820  29  44  26
1873 2830  29  43  26
1872 2839  29  43  26
1869 2846  31  44  26
1865 2850  33  44  28
1861 2852  36  44  28
1857 2851  37  44  27
1852 2847  38  46  27
1849 2836  38  46  27
1845 2825  39  45  27
1844 2809  39  45  27
1845 2795  39  47  27
1847 2781  39  47  29
1853 2769  39  46  29
1861 2759  36  46  30
1868 2753  33  46  30
1877 2750  26  46  30
1886 2749  15  45  27
% 
% .PEN_UP
1894 2751   0  45  28
1901 2757   0  43  28
1906 2762   0  43  27
1909 2769   0  42  27
1912 2774   0  43  28
1914 2777   0  43  28
1916 2781   0  43  28
1915 2788   0  43  28
1916 2794   0  43  28
1915 2801   0  43  28
1913 2807   0  43  28
1911 2814   0  43  28
1909 2820   0  43  28
1906 2823   0  42  28
1903 2826   0  41  28
1900 2829   0  41  28
1899 2829   0  41  28
1896 2831   0  43  28
% 
% .PEN_DOWN
1895 2831  13  43  28
1894 2830  16  43  28
1893 2830  17  43  28
1894 2830  18  43  28
1895 2827  21  43  28
1897 2823  23  44  28
1901 2817  23  44  28
1903 2811  26  44  28
1905 2801  28  44  28
1905 2792  28  44  28
1907 2784  31  45  29
1910 2777  32  45  29
1911 2770  33  45  28
1912 2764  33  43  28
1913 2760  34  43  27
1914 2759  34  42  27
1914 2758  34  42  27
1916 2758  34  42  27
1915 2759  34  42  26
1914 2765  34  43  26
1913 2770  34  42  26
1914 2777  34  42  26
1915 2784  34  42  26
1916 2791  34  42  26
1919 2798  34  42  26
1922 2805  34  42  26
1925 2812  34  42  26
1928 2816  34  40  26
1932 2822  34  40  26
1933 2824  34  40  26
1935 2826  34  40  26
1937 2824  34  40  26
1939 2823  36  40  26
1939 2821  38  40  26
1938 2819  38  40  26
1937 2816  38  39  26
1934 2814  39  39  26
1932 2811  39  39  26
1929 2806  36  41  26
1925 2802  37  41  26
1922 2796  38  41  26
1920 2790  38  41  28
1918 2785  39  41  28
1916 2783  41  41  28
1916 2781  40  41  28
1918 2779  42  42  28
1922 2775  40  40  29
1927 2770  40  40  29
1933 2766  34  40  27
1940 2763  27  40  27
1947 2760  15  40  27
% 
% .PEN_UP
1955 2760   0  40  28
1963 2759   0  40  28
1968 2756   0  40  28
1972 2757   0  40  27
1976 2756   0  40  27
1981 2758   0  41  28
1988 2762   0  41  28
1995 2766   0  41  29
2004 2771   0  40  29
2013 2778   0  40  29
2024 2782   0  40  29
2030 2788   0  40  29
2034 2790   0  40  29
2035 2793   0  40  29
2033 2794   0  42  29
2031 2797   0  43  29
2027 2799   0  43  29
2021 2806   0  43  29
2017 2809   0  45  29
2011 2810   0  45  29
2006 2811   0  45  29
2001 2810   0  45  29
1996 2807   0  45  29
1993 2805   0  45  29
1990 2803   0  45  29
1989 2801   0  45  29
1987 2801   0  45  29
1987 2801   0  45  29
1987 2803   0  45  29
1986 2806   0  45  29
1987 2805   0  47  29
1988 2807   0  44  29
1992 2810   0  44  29
1993 2811   0  44  29
1992 2812   0  44  29
1993 2812   0  44  29
% 
% .PEN_DOWN
1992 2815  14  44  29
1992 2813  19  44  29
1991 2815  24  44  29
1989 2814  29  42  29
1986 2817  31  42  29
1984 2817  33  42  29
1981 2819  36  42  29
1979 2819  37  42  29
1975 2818  38  42  29
1974 2816  41  42  29
1971 2814  40  42  29
1969 2813  39  42  29
1968 2812  39  42  29
1968 2809  39  42  29
1970 2806  39  42  29
1974 2804  39  42  29
1979 2802  39  43  29
1984 2799  39  43  29
1990 2795  39  43  29
1996 2793  39  43  29
1999 2789  39  42  29
2000 2783  41  42  27
2001 2777  45  43  29
2000 2768  47  43  29
1999 2762  48  43  29
1996 2756  48  43  30
1992 2752  48  42  30
1987 2751  48  43  26
1983 2747  46  43  26
1977 2747  42  43  26
1973 2748  38  43  26
1969 2749  34  43  26
1968 2751  26  43  26
1967 2753  18  43  26
1968 2755   9  43  26
% 
% .PEN_UP
1970 2759   0  43  28
1972 2766   0  43  28
1975 2772   0  46  27
1980 2778   0  46  27
1985 2786   0  46  27
1991 2797   0  44  27
1995 2806   0  43  27
2000 2814   0  43  27
2006 2819   0  43  27
2015 2826   0  43  27
2020 2834   0  43  26
2025 2841   0  43  26
2027 2845   0  43  28
2027 2846   0  43  28
% 
% .PEN_DOWN
2028 2847  25  43  27
2028 2849  32  44  27
2027 2849  38  44  27
2027 2850  41  45  27
2028 2844  42  45  27
2028 2841  45  45  27
2030 2837  47  45  27
2031 2829  50  45  27
2030 2820  52  45  27
2028 2811  55  46  27
2026 2803  57  45  27
2025 2792  58  45  27
2026 2783  56  45  26
2025 2774  57  45  26
2026 2766  58  44  26
2027 2760  58  44  26
2030 2755  56  44  28
2035 2754  52  42  28
2041 2752  45  42  29
2045 2753  37  41  28
2051 2755  31  41  28
2056 2757  20  41  28
2061 2761  10  41  29
% 
% .PEN_UP
2065 2766   0  39  29
2066 2768   0  41  27
2068 2775   0  41  27
2068 2776   0  41  26
2067 2779   0  41  26
2067 2785   0  41  26
2064 2788   0  41  26
2057 2795   0  41  26
2051 2797   0  41  26
2046 2801   0  41  26
2039 2807   0  42  26
2033 2809   0  42  26
2027 2811   0  44  26
2022 2811   0  44  26
2018 2810   0  44  26
% 
% .PEN_DOWN
2015 2811  19  44  26
2014 2812  26  44  26
2015 2812  30  44  26
2019 2810  34  43  26
2026 2811  37  42  26
2033 2813  38  43  26
2044 2812  38  43  26
2055 2816  36  42  26
2065 2815  27  42  26
2072 2814  16  42  26
% 
% .PEN_UP
2076 2814   0  42  26
2080 2810   0  40  26
2083 2809   0  40  26
2083 2806   0  40  26
2083 2805   0  40  26
2088 2809   0  40  26
2094 2811   0  40  26
2102 2814   0  40  26
2113 2810   0  40  26
2124 2809   0  45  26
2136 2807   0  45  26
2148 2804   0  49  26
2161 2798   0  47  26
2173 2787   0  47  26
2180 2779   0  47  28
2183 2768   0  42  28
2185 2760   0  42  29
2183 2752   0  40  30
2179 2750   0  40  30
2173 2749   0  43  30
2165 2748   0  43  30
2156 2746   0  44  30
2148 2749   0  44  30
2141 2752   0  46  30
2132 2752   0  46  33
2127 2753   0  46  33
2120 2757   0  46  31
2113 2760   0  46  33
2107 2764   0  46  33
2101 2767   0  46  33
2096 2771   0  46  31
2092 2774   0  45  32
2090 2775   0  45  32
2088 2777   0  42  32
2087 2778   0  42  31
2086 2781   0  41  31
2086 2781   0  41  32
2086 2780   0  42  32
2084 2781   0  42  32
2084 2781   0  42  32
2084 2784   0  42  32
2083 2787   0  42  32
2082 2789   0  42  32
2082 2794   0  42  32
2081 2798   0  42  32
% 
% .PEN_DOWN
2080 2802   2  41  32
2080 2804   6  41  32
2080 2808   7  41  32
2079 2811  11  41  32
2078 2810  15  42  32
2079 2812  19  42  32
2077 2809  22  44  32
2078 2811  23  44  32
2079 2807  23  45  32
2080 2802  24  45  32
2081 2795  24  45  32
2083 2789  24  44  31
2084 2783  24  44  31
2084 2777  24  44  30
2085 2770  24  43  30
2085 2763  24  43  28
2085 2757  24  43  29
2085 2753  24  43  29
2085 2750  24  45  29
2084 2748  24  45  30
2084 2747  24  45  30
2084 2747  27  45  30
2084 2750  28  44  30
2085 2752  28  43  30
2086 2757  29  43  30
2090 2765  29  43  30
2091 2773  29  43  30
2094 2782  26  43  30
2096 2788  25  43  30
2098 2795  25  43  30
2102 2800  24  43  30
2105 2803  27  43  30
2107 2806  28  43  30
2109 2808  26  43  30
2110 2805  25  43  30
2111 2804  27  43  30
2111 2803  28  43  30
2110 2799  28  43  30
2109 2795  29  43  30
2107 2790  29  43  30
2105 2786  29  43  30
2102 2782  29  43  29
2098 2777  29  43  30
2095 2771  31  43  30
2094 2764  33  43  30
2093 2761  33  43  30
2093 2756  33  43  30
2094 2754  34  43  30
2097 2752  34  43  30
2101 2752  29  43  30
2104 2752  22  43  30
2111 2752  13  43  30
% 
% .PEN_UP
2117 2751   0  43  30
2123 2751   0  43  28
2129 2748   0  44  28
2134 2748   0  43  29
2139 2750   0  43  29
2146 2750   0  43  30
2152 2751   0  45  30
2159 2751   0  45  30
2164 2750   0  44  28
2170 2753   0  44  28
2175 2754   0  42  28
2178 2759   0  42  29
2181 2763   0  43  29
2183 2767   0  43  29
2181 2770   0  43  29
2180 2775   0  43  29
% 
% .PEN_DOWN
2178 2780  17  43  29
2178 2786  18  43  29
2176 2790  21  42  29
2175 2798  22  44  29
2173 2806  23  44  29
2171 2812  24  44  29
2167 2815  26  43  29
2163 2818  30  43  29
2159 2819  32  44  29
2154 2820  33  44  29
2149 2819  36  44  29
2144 2814  37  44  29
2139 2808  38  43  29
2135 2800  38  45  29
2133 2788  39  45  29
2131 2776  39  45  30
2131 2764  41  46  30
2131 2754  42  46  30
2134 2746  45  45  29
2140 2738  45  45  29
2145 2735  44  45  29
2151 2737  46  45  30
2159 2744  45  43  30
2166 2749  44  42  30
2172 2758  42  42  30
2176 2766  38  42  30
2181 2774  36  41  30
2183 2778  35  41  29
2184 2780  34  40  29
2182 2780  34  40  29
2179 2777  34  39  29
2177 2771  34  39  27
2173 2763  36  42  29
2171 2756  40  42  29
2172 2746  42  42  29
2171 2740  43  42  28
2173 2736  43  40  28
2177 2731  44  40  28
2181 2728  44  40  28
2186 2730  44  40  28
2189 2735  41  41  28
2195 2738  40  41  29
2200 2745  39  43  29
2204 2753  39  43  29
2208 2764  39  44  29
2210 2774  39  44  29
2211 2786  39  44  29
2213 2795  39  43  29
2215 2806  39  43  29
2216 2814  39  43  29
2216 2817  41  40  29
2216 2822  43  42  29
2213 2825  43  42  29
2214 2827  43  42  29
2213 2827  46  41  29
2209 2826  50  41  29
2209 2823  52  41  29
2207 2817  55  41  29
2205 2808  57  41  29
2203 2797  58  41  29
2202 2786  58  40  29
2203 2777  58  40  28
2207 2765  58  41  28
2210 2757  58  41  27
2215 2749  58  39  27
2219 2745  58  39  27
2225 2741  56  41  27
2230 2739  52  40  27
2234 2739  48  40  27
2239 2743  39  40  29
2242 2748  26  40  29
2244 2754  13  40  29
% 
% .PEN_UP
2248 2760   0  40  29
2250 2768   0  40  29
2249 2773   0  40  29
2247 2778   0  40  29
2244 2783   0  40  29
2239 2786   0  42  29
2234 2789   0  42  29
2229 2791   0  42  29
2222 2792   0  44  29
2216 2793   0  44  29
2210 2792   0  44  29
2204 2790   0  44  29
2198 2790   0  44  29
% 
% .PEN_DOWN
2194 2789  29  44  29
2192 2786  36  41  29
2193 2786  40  41  29
2197 2787  42  41  29
2202 2790  43  40  29
2211 2794  43  41  29
2220 2798  44  41  29
2229 2800  39  40  29
2236 2801  31  40  29
2242 2800  23  40  29
2249 2797  11  40  29
% 
% .PEN_UP
2251 2794   0  40  29
2253 2792   0  40  29
2254 2785   0  40  29
2254 2780   0  40  29
2254 2773   0  40  29
2254 2768   0  40  29
2254 2763   0  40  29
2254 2759   0  40  30
2254 2754   0  40  30
2254 2751   0  40  30
2256 2750   0  40  30
2256 2746   0  40  30
2257 2743   0  40  30
% 
% .PEN_DOWN
2257 2744  18  40  30
2257 2744  23  40  30
2258 2748  29  40  30
2261 2755  31  40  30
2266 2764  32  40  28
2268 2771  33  40  28
2272 2780  33  40  28
2274 2786  34  40  28
2276 2793  34  40  28
2276 2794  34  40  28
2278 2795  34  40  28
2278 2795  36  40  28
2277 2793  37  40  28
2276 2787  41  40  28
2275 2780  42  40  29
2274 2772  43  40  29
2272 2766  43  40  29
2273 2760  44  40  29
2275 2756  44  38  28
2276 2754  44  40  28
2280 2754  41  40  27
2285 2755  40  38  27
2291 2756  42  38  26
2298 2761  40  37  30
2303 2766  37  37  30
2308 2773  33  39  30
2314 2777  31  39  29
2316 2778  30  38  29
2318 2780  30  40  29
2315 2783  32  40  29
2310 2786  35  40  29
2305 2786  39  42  29
2295 2789  42  42  29
2283 2791  43  42  29
2266 2793  46  42  29
2244 2794  47  42  29
2217 2796  50  42  29
2185 2801  49  42  29
2153 2804  49  42  29
2117 2806  49  44  29
2078 2804  49  44  29
2036 2805  51  44  29
1994 2803  52  44  29
1952 2798  53  44  29
1905 2796  53  44  29
1861 2793  53  44  29
1818 2793  53  44  29
1776 2795  51  44  29
1736 2798  50  44  29
1700 2804  47  44  29
1668 2806  45  44  29
1640 2811  44  43  29
1614 2813  44  43  29
1591 2814  44  43  29
1573 2813  44  45  29
1564 2814  46  45  29
1564 2813  47  45  29
1572 2812  48  44  29
1589 2812  51  44  29
1610 2810  52  44  29
1637 2810  55  44  29
1667 2811  57  42  29
1706 2809  58  42  29
1752 2809  58  42  29
1798 2810  56  41  29
1853 2813  57  41  29
1906 2817  55  41  29
1959 2820  54  41  29
2013 2824  54  41  29
2063 2827  56  41  29
2111 2824  57  41  29
2162 2821  58  39  29
2208 2818  58  39  29
2246 2818  58  37  29
2283 2817  58  37  29
2320 2815  58  39  29
2351 2818  58  39  29
2375 2819  58  39  29
2391 2820  58  39  29
2401 2820  58  39  29
2405 2821  58  39  29
2405 2820  59  39  29
2399 2821  56  39  29
2390 2820  40  39  29
% 
