% .SEGMENT LETTER ? ? "0"
% 
% .PEN_DOWN
1696 2820   2  46  24
1696 2824   3  46  24
1696 2826   4  43  24
1697 2830   6  43  25
1695 2834   8  44  25
1696 2841  11  47  26
1695 2846  13  47  26
1695 2853  16  47  28
1694 2859  17  45  28
1691 2866  18  45  28
1688 2873  19  47  28
1685 2879  19  47  28
1680 2885  21  45  28
1677 2889  25  45  30
1673 2891  27  46  30
1668 2891  28  46  31
1664 2885  29  46  31
1659 2877  29  46  30
1656 2868  29  46  30
1651 2855  29  46  30
1646 2835  29  46  30
1642 2817  29  46  30
1639 2797  31  46  30
1639 2780  33  46  30
1642 2768  33  46  30
1643 2757  36  46  30
1648 2747  37  46  30
1652 2742  38  46  28
1656 2740  38  46  30
1662 2738  39  46  29
1668 2742  41  45  29
1674 2747  40  45  30
1679 2757  39  42  29
1685 2768  39  42  29
1692 2780  39  45  29
1696 2795  39  45  29
1699 2806  39  45  29
1701 2815  39  43  29
1700 2826  39  43  29
1702 2833  39  43  28
1700 2836  39  42  28
1698 2836  41  42  29
1696 2835  43  42  29
1694 2826  43  42  28
1693 2815  43  41  28
1691 2801  44  45  28
1691 2791  44  45  28
1691 2779  44  45  28
1693 2769  44  47  28
1696 2759  44  47  27
1700 2751  41  44  28
1705 2747  33  44  28
1713 2744  21  43  28
% 
% .PEN_UP
1721 2745   0  42  27
1730 2745   0  43  27
1740 2748   0  43  29
1751 2753   0  42  29
1763 2759   0  42  29
1777 2766   0  41  32
1788 2773   0  41  32
1802 2786   0  41  32
1811 2792   0  41  32
1822 2795   0  44  32
1832 2801   0  42  32
1839 2804   0  42  32
1842 2803   0  42  32
1841 2798   0  42  32
1837 2798   0  45  32
1833 2796   0  45  32
1828 2795   0  45  32
1823 2797   0  46  32
1818 2798   0  46  32
1815 2798   0  46  32
1812 2803   0  46  32
1808 2805   0  46  32
1806 2808   0  46  32
1807 2813   0  46  32
1808 2818   0  46  32
1808 2824   0  46  32
1809 2831   0  46  29
1810 2835   0  46  29
1811 2842   0  46  29
1815 2846   0  46  29
1816 2847   0  46  29
1818 2851   0  47  29
1819 2853   0  47  27
1817 2854   0  45  27
1816 2857   0  45  28
% 
% .PEN_DOWN
1817 2858   8  45  28
1815 2859  14  45  29
1814 2859  19  45  27
1814 2859  21  45  29
1813 2857  25  45  29
1812 2851  27  45  27
1810 2843  28  45  27
1809 2832  31  45  29
1809 2818  32  45  29
1810 2803  36  45  29
1810 2788  40  45  29
1811 2773  44  45  29
1812 2760  46  45  28
1815 2747  47  45  28
1820 2737  48  45  28
1826 2728  48  45  27
1832 2725  48  44  27
1839 2723  48  44  27
1848 2723  48  44  27
1856 2730  48  44  27
1862 2739  48  45  27
1869 2750  48  44  29
1874 2764  48  44  29
1878 2780  48  44  29
1881 2796  49  42  30
1884 2809  49  42  29
1885 2818  49  41  29
1885 2830  49  41  30
1884 2837  49  42  30
1882 2842  46  42  28
1879 2848  42  42  28
1877 2849  36  42  27
1873 2848  27  42  27
1871 2848  13  42  29
% 
% .PEN_UP
1869 2840   0  42  29
1868 2832   0  42  27
1867 2822   0  45  27
1867 2811   0  44  27
1867 2803   0  44  27
1868 2794   0  44  27
1871 2789   0  45  27
1875 2780   0  45  27
1878 2773   0  45  27
1882 2764   0  45  28
1884 2753   0  43  28
1885 2748   0  42  29
1886 2745   0  42  29
1888 2739   0  42  28
1888 2739   0  42  28
1889 2738   0  44  27
1889 2738   0  44  27
1890 2738   0  44  29
1889 2734   0  45  29
1889 2733   0  43  30
1888 2731   0  43  30
1887 2731   0  43  28
1887 2728   0  44  28
1887 2727   0  44  29
1886 2724   0  44  29
1886 2723   0  44  28
% 
% .PEN_DOWN
1887 2721   3  44  28
1887 2720   6  44  29
1889 2721   8  44  29
1893 2724  11  44  30
1896 2728  15  44  30
1899 2733  17  44  28
1902 2741  18  43  28
1905 2751  21  43  27
1908 2761  23  42  27
1911 2771  26  42  28
1912 2779  27  42  28
1912 2786  31  42  28
1912 2791  32  42  28
1909 2791  35  42  28
1907 2790  40  43  28
1903 2787  44  42  28
1896 2784  44  44  28
1893 2777  44  44  28
1890 2770  44  42  28
1888 2760  44  42  29
1888 2750  44  43  29
1888 2741  44  43  29
1892 2736  39  43  29
1898 2729  31  43  30
1904 2726  20  42  30
% 
% .PEN_UP
1912 2723   0  43  30
1920 2721   0  43  30
1929 2722   0  43  29
1937 2722   0  43  29
1942 2728   0  43  30
1950 2734   0  43  30
1957 2740   0  43  30
1965 2746   0  43  30
1973 2753   0  43  32
1978 2756   0  43  32
1984 2761   0  43  31
1987 2760   0  43  31
1988 2762   0  43  33
1986 2764   0  43  33
1982 2766   0  42  33
1979 2766   0  42  33
1974 2767   0  42  33
1970 2770   0  41  33
1966 2774   0  41  31
1962 2776   0  41  31
1960 2778   0  41  31
1958 2779   0  41  31
1957 2780   0  41  31
1956 2782   0  41  31
1954 2785   0  41  31
1953 2787   0  41  31
1952 2788   0  41  31
1952 2788   0  41  31
1952 2790   0  41  31
1951 2789   0  41  31
1951 2789   0  41  31
% 
% .PEN_DOWN
1950 2789   2  41  31
1951 2788   3  41  31
1951 2788   4  41  31
1951 2785   6  41  31
1952 2781  10  41  31
1953 2778  12  41  31
1953 2772  16  41  30
1956 2765  17  41  30
1956 2757  21  41  30
1956 2750  22  41  32
1957 2743  26  41  32
1957 2737  27  41  31
1957 2733  28  41  31
1958 2729  29  41  31
1958 2725  29  41  31
1958 2724  31  41  31
1958 2724  33  41  31
1958 2726  31  41  31
1958 2729  32  41  28
1958 2735  33  41  31
1958 2742  33  41  31
1959 2750  34  41  28
1961 2756  34  41  28
1963 2762  34  41  29
1965 2769  34  41  29
1969 2773  34  41  29
1973 2777  34  42  29
1977 2779  34  42  29
1979 2780  34  43  29
1982 2779  34  43  29
1983 2782  31  44  29
1984 2782  30  44  29
1983 2778  32  44  29
1983 2775  33  44  29
1982 2772  33  44  29
1978 2770  31  44  31
1976 2767  30  43  30
1973 2762  32  43  30
1970 2760  33  43  30
1967 2754  33  43  30
1966 2751  34  43  30
1964 2748  34  43  30
1964 2744  34  43  30
1964 2741  34  43  30
1966 2737  34  43  30
1969 2736  31  41  30
1972 2733  28  41  30
1976 2730  18  41  30
1982 2729   9  41  30
% 
% .PEN_UP
1987 2730   0  41  28
1992 2731   0  43  29
1998 2731   0  43  29
2002 2733   0  43  29
2007 2735   0  43  30
2014 2740   0  41  30
2020 2742   0  43  30
2024 2744   0  43  30
2029 2748   0  43  30
2030 2749   0  42  30
2034 2751   0  42  30
2032 2752   0  41  30
2031 2757   0  41  30
2031 2757   0  43  30
2030 2762   0  43  32
2029 2765   0  43  33
2028 2767   0  43  33
2029 2770   0  45  33
2030 2774   0  45  33
2029 2776   0  44  33
2029 2777   0  44  33
2028 2777   0  43  33
2027 2779   0  43  33
2027 2781   0  43  33
% 
% .PEN_DOWN
2024 2783   9  43  33
2021 2785  12  43  33
2019 2787  15  43  33
2013 2788  20  42  33
2010 2790  24  42  33
2007 2790  27  42  33
2002 2789  28  43  33
1999 2785  28  43  33
1997 2782  31  43  33
1995 2779  32  44  33
1993 2777  31  44  33
1993 2774  32  42  31
1994 2771  33  42  31
1998 2768  33  41  31
2002 2764  34  41  30
2006 2761  34  41  30
2013 2761  34  41  30
2020 2757  34  42  30
2025 2755  34  42  30
2031 2753  34  42  30
2033 2750  31  41  30
2033 2746  33  41  30
2032 2740  33  41  30
2029 2736  33  42  30
2024 2734  34  42  30
2022 2731  34  42  30
2016 2731  31  42  30
2012 2729  30  42  30
2008 2731  25  42  30
2005 2732  17  41  30
2002 2734   8  43  28
% 
% .PEN_UP
2000 2738   0  43  28
1999 2742   0  43  29
2000 2745   0  44  29
2001 2749   0  44  30
2003 2757   0  43  30
2006 2766   0  45  29
2011 2772   0  45  29
2017 2780   0  45  29
2023 2790   0  44  29
2029 2797   0  42  29
2036 2799   0  42  29
2044 2804   0  42  29
2049 2806   0  41  29
2051 2807   0  41  29
% 
% .PEN_DOWN
2054 2808  15  41  29
2057 2804  22  41  29
2058 2802  30  41  29
2060 2801  35  41  29
2061 2797  39  41  29
2060 2792  44  41  29
2060 2785  46  41  29
2059 2779  50  41  29
2057 2772  49  41  29
2055 2765  51  41  29
2054 2758  52  41  29
2054 2748  50  41  29
2054 2743  49  41  29
2056 2736  49  41  30
2058 2734  46  41  30
2061 2731  43  41  30
2065 2732  33  41  30
2070 2735  21  41  30
% 
% .PEN_UP
2074 2739   0  42  30
2078 2744   0  43  30
2081 2752   0  43  30
2082 2756   0  43  32
2084 2761   0  43  32
2084 2767   0  43  31
2081 2771   0  43  31
2079 2774   0  43  31
2075 2777   0  41  31
2070 2778   0  41  31
2066 2782   0  42  31
2061 2783   0  42  31
2057 2781   0  42  31
2051 2779   0  42  31
2046 2779   0  41  31
% 
% .PEN_DOWN
2042 2777  22  41  31
2041 2776  28  42  31
2040 2777  31  42  31
2042 2778  32  43  31
2047 2778  33  43  31
2054 2780  33  42  31
2061 2781  31  40  31
2066 2784  23  40  31
% 
% .PEN_UP
2073 2786   0  40  31
2079 2787   0  40  31
2083 2785   0  40  31
2089 2786   0  40  31
2092 2788   0  40  31
2096 2786   0  40  31
2105 2785   0  40  31
2112 2788   0  40  31
2121 2788   0  40  31
2130 2790   0  42  31
2141 2789   0  42  31
2149 2784   0  44  31
2155 2781   0  44  31
2156 2779   0  44  31
2156 2776   0  44  31
2151 2777   0  44  31
2145 2775   0  43  31
2138 2775   0  43  31
2132 2775   0  43  31
2125 2774   0  44  31
2118 2772   0  44  30
2112 2773   0  44  30
2106 2771   0  44  30
2101 2771   0  44  30
2098 2773   0  44  31
2095 2775   0  44  31
2093 2774   0  44  31
2091 2776   0  44  31
2090 2776   0  44  31
2090 2776   0  44  31
2090 2777   0  44  31
2090 2777   0  44  31
2089 2777   0  44  31
2089 2777   0  44  31
2088 2777   0  44  31
2088 2778   0  44  31
2086 2778   0  44  31
2085 2778   0  44  31
2083 2778   0  44  31
2082 2778   0  42  31
% 
% .PEN_DOWN
2082 2780   2  41  31
2082 2780   3  41  31
2084 2779   6  41  31
2085 2777  10  41  31
2086 2773  15  41  31
2087 2769  17  41  31
2087 2764  20  41  32
2087 2755  22  41  32
2088 2749  26  41  31
2088 2744  27  41  31
2087 2738  28  41  31
2087 2737  29  41  31
2087 2736  29  41  30
2087 2733  29  41  30
2086 2734  29  41  30
2086 2734  29  41  30
2085 2735  29  41  30
2086 2739  29  41  30
2086 2743  29  41  30
2088 2751  29  41  30
2091 2758  29  41  30
2094 2763  29  41  29
2096 2771  31  41  29
2099 2775  33  41  29
2103 2779  33  41  29
2107 2782  33  41  29
2110 2786  31  41  29
2111 2785  30  41  29
2112 2786  32  41  29
2111 2784  33  41  29
2112 2781  33  41  29
2111 2780  36  41  29
2110 2776  37  41  29
2107 2772  38  41  29
2105 2769  38  41  29
2101 2762  39  41  29
2098 2758  36  41  31
2096 2755  35  41  31
2095 2750  34  41  30
2092 2747  34  41  30
2093 2746  34  41  30
2094 2743  34  41  30
2095 2742  31  41  30
2099 2742  28  41  30
2103 2740  23  41  30
2107 2739  14  41  32
% 
% .PEN_UP
2113 2738   0  41  32
2118 2738   0  41  32
2123 2738   0  41  31
2127 2737   0  42  31
2132 2739   0  44  31
2136 2737   0  44  31
2141 2741   0  44  30
2144 2742   0  43  30
2148 2745   0  43  30
2152 2745   0  43  30
2156 2747   0  43  30
2160 2750   0  43  30
2164 2753   0  43  28
2164 2757   0  45  28
2166 2759   0  44  29
2164 2762   0  44  29
% 
% .PEN_DOWN
2163 2765   6  44  29
2163 2767  10  43  29
2163 2773  14  43  29
2161 2779  17  42  29
2159 2784  20  42  29
2156 2790  25  42  29
2152 2795  29  42  29
2149 2797  34  41  29
2145 2799  39  43  29
2141 2797  41  43  29
2136 2793  43  43  29
2132 2790  43  43  29
2129 2783  43  43  29
2126 2774  44  43  31
2125 2764  44  43  31
2123 2756  44  43  31
2123 2746  44  43  32
2125 2740  44  43  32
2126 2734  44  43  31
2129 2730  44  43  31
2133 2727  44  43  29
2137 2728  46  43  29
2141 2730  45  42  28
2146 2733  44  42  28
2151 2739  46  42  27
2155 2746  45  42  27
2158 2753  42  42  28
2161 2758  40  42  29
2164 2760  40  42  29
2166 2761  39  40  29
2168 2760  36  40  27
2166 2757  38  41  27
2167 2751  38  42  28
2167 2746  38  42  28
2167 2741  39  42  29
2169 2738  36  42  29
2169 2735  37  42  30
2170 2732  38  40  30
2171 2732  38  40  30
2175 2734  39  40  30
2177 2736  39  40  28
2179 2743  36  39  28
2182 2749  35  41  29
2184 2757  34  41  29
2187 2768  34  41  29
2190 2775  34  42  29
2191 2782  34  42  29
2193 2791  34  43  29
2194 2800  34  43  29
2194 2804  34  42  29
2194 2809  34  42  29
2195 2811  34  41  29
2195 2811  36  41  29
2194 2810  40  42  29
2193 2811  44  42  29
2190 2808  44  41  29
2190 2802  46  40  29
2189 2796  47  40  29
2187 2787  48  40  29
2187 2778  48  40  29
2187 2770  48  40  29
2190 2761  48  40  29
2192 2755  48  40  29
2195 2749  48  38  29
2199 2745  48  38  29
2203 2740  46  40  29
2210 2738  40  39  28
2215 2739  29  39  28
2218 2740  17  39  29
% 
% .PEN_UP
2222 2744   0  39  30
2225 2748   0  39  31
2225 2752   0  39  31
2225 2757   0  39  30
2224 2761   0  39  30
2222 2765   0  41  31
2219 2771   0  41  31
2214 2775   0  41  31
2208 2778   0  42  31
2201 2778   0  42  31
2196 2778   0  41  31
2189 2779   0  42  31
2184 2777   0  42  31
% 
% .PEN_DOWN
2179 2777  23  42  31
2176 2776  28  42  31
2175 2776  31  42  31
2178 2778  32  42  31
2181 2778  33  43  31
2186 2779  33  43  31
2191 2780  34  43  31
2197 2781  29  43  31
2202 2782  22  43  31
2206 2782  13  42  31
% 
% .PEN_UP
2212 2780   0  42  31
2214 2779   0  40  31
2217 2778   0  40  31
2221 2775   0  39  31
2221 2772   0  39  30
2223 2770   0  39  30
2222 2769   0  39  32
2223 2765   0  39  32
2225 2765   0  37  30
2226 2766   0  37  30
2226 2765   0  37  32
2227 2764   0  38  32
2226 2762   0  38  32
2223 2759   0  39  32
2223 2756   0  39  31
2224 2754   0  39  31
2224 2752   0  39  30
2223 2748   0  39  30
2221 2745   0  39  32
2221 2745   0  39  32
% 
% .PEN_DOWN
2221 2744   9  39  31
2220 2743  14  39  31
2219 2744  17  39  30
2221 2743  18  38  30
2223 2746  21  38  28
2225 2750  22  38  28
2227 2753  26  38  27
2229 2760  27  39  27
2232 2765  28  39  28
2233 2772  31  39  28
2235 2777  32  39  28
2235 2783  36  39  28
2235 2786  37  39  28
2235 2790  40  39  28
2234 2790  42  39  28
2233 2790  43  39  28
2231 2790  43  39  28
2230 2790  44  37  28
2228 2786  44  38  28
2227 2783  46  38  28
2226 2779  45  38  28
2226 2774  44  38  28
2228 2771  44  38  28
2230 2765  44  39  29
2232 2764  44  39  29
2236 2763  44  39  29
2240 2761  44  39  29
2243 2758  44  39  29
2246 2759  41  39  31
2252 2758  40  39  31
2256 2760  37  39  32
2260 2761  35  39  32
2265 2764  35  39  30
2268 2767  34  39  30
2270 2768  34  39  30
2271 2772  34  39  30
2270 2773  34  39  30
2268 2775  34  39  30
2266 2776  36  39  30
2264 2776  40  39  30
2258 2775  42  39  30
2251 2775  45  39  30
2243 2776  49  39  30
2230 2774  51  39  30
2211 2772  50  39  29
2186 2769  52  42  29
2158 2766  53  42  29
2127 2762  53  41  29
2095 2760  51  41  29
2056 2757  52  41  29
2014 2757  53  41  27
1976 2758  53  41  30
1937 2758  51  41  26
1895 2759  50  43  26
1857 2761  49  43  30
1824 2762  49  43  31
1795 2763  49  43  29
1766 2762  49  43  29
1740 2762  49  43  31
1715 2763  49  44  31
1695 2764  49  44  32
1677 2765  49  44  32
1666 2762  49  44  33
1659 2764  49  44  33
1653 2764  49  44  31
1651 2762  49  44  32
1653 2761  49  44  32
1659 2760  49  44  32
1669 2759  51  44  33
1684 2754  50  44  33
1708 2753  49  43  31
1736 2749  51  43  31
1768 2747  52  43  31
1805 2744  53  43  31
1848 2742  53  43  30
1899 2743  53  42  28
1949 2747  53  42  28
2007 2751  53  39  28
2062 2756  53  39  27
2119 2763  53  39  28
2177 2770  53  39  28
2228 2775  53  36  28
2272 2779  53  36  28
2316 2781  54  37  28
2354 2781  54  37  28
2385 2780  51  37  28
2410 2775  52  37  28
2432 2773  50  39  28
2450 2768  40  37  30
2465 2761  20  37  30
