% .SEGMENT LETTER ? ? "0"
% 
% .PEN_DOWN
1562 2666  18  47  35
1550 2659  18  47  36
1542 2656  19  46  36
1537 2657  21  46  36
1535 2664  20  46  36
1539 2678  20  46  38
1549 2700  19  44  38
1563 2726  19  44  38
1583 2755  19  43  38
1608 2790  19  43  36
1635 2831  19  43  36
1664 2879  19  41  37
1696 2925  19  41  37
1729 2965  19  41  37
1758 2994  19  41  37
1778 3013  22  41  38
1791 3026  23  41  38
1797 3029  26  41  38
1798 3023  27  41  38
1793 3013  28  41  38
1786 2998  29  42  38
1777 2983  29  42  35
1771 2968  29  42  35
1769 2954  26  42  39
1775 2946  28  42  39
1789 2946  28  41  38
1812 2952  26  41  38
1847 2963  25  41  38
1891 2978  25  41  38
1936 2998  24  41  38
1985 3017  24  40  39
2036 3036  24  40  39
2082 3054  24  43  39
2129 3070  24  43  40
2175 3084  27  40  40
2215 3092  28  40  39
2250 3098  28  40  39
2282 3100  29  40  39
2310 3096  29  40  39
2331 3090  29  38  40
2343 3079  26  38  40
2345 3063  25  38  37
2334 3044  25  37  37
2313 3022  24  37  37
2281 2993  24  37  37
2237 2960  24  37  37
2181 2920  24  38  37
2120 2871  27  38  37
2051 2828  25  41  35
1980 2784  27  41  35
1902 2737  28  41  35
1826 2687  29  41  35
1747 2643  29  43  34
1672 2604  29  43  34
1601 2571  29  44  34
1540 2542  29  44  36
1490 2520  26  43  38
1447 2503  25  43  38
1418 2498  25  42  38
1404 2500  24  42  38
1404 2515  24  42  38
1422 2540  24  42  38
1454 2573  27  42  38
1506 2615  33  42  39
1575 2672  38  42  39
1666 2735  43  42  39
1769 2808  46  41  38
1884 2884  47  41  38
2011 2957  48  41  38
2147 3032  48  41  40
2281 3102  48  41  40
2407 3158  46  38  40
2520 3204  38  38  40
2619 3244  28  38  38
2707 3278  16  37  38
2782 3303   8  39  37
% 
% .PEN_UP
2843 3324   0  39  37
2893 3338   0  39  37
2933 3343   0  40  37
2957 3342   0  40  40
2965 3337   0  40  37
% 
% .PEN_DOWN
2957 3325   2  40  37
% 
% .PEN_UP
2937 3310   0  41  37
2910 3294   0  41  37
2874 3276   0  40  37
2830 3260   0  40  34
2784 3245   0  40  34
2740 3233   0  40  34
2693 3221   0  39  34
2646 3213   0  39  34
2606 3206   0  39  34
2560 3197   0  39  34
2511 3186   0  40  34
2460 3170   0  40  27
2414 3156   0  42  29
2372 3146   0  42  29
2324 3139   0  42  29
2050 3102   0  44  30
2021 3107   0  44  31
2004 3112   0  41  38
1989 3125   0  41  38
1984 3130   0  44  38
1985 3135   0  44  40
1980 3149   0  42  38
% 
% .PEN_DOWN
1978 3157  36  42  38
1982 3159  30  39  38
% 
