% .SEGMENT LETTER ? ? "0"
% 
% .PEN_DOWN
1409 2548  34  41  38
1406 2548  34  38  38
1402 2554  34  38  38
1402 2561  34  38  38
1406 2574  34  38  38
1417 2591  34  38  38
1435 2612  31  38  38
1457 2638  30  38  38
1482 2680  30  38  38
1516 2725  29  38  38
1559 2774  29  38  38
1604 2826  29  38  38
1650 2884  29  38  40
1695 2935  29  39  40
1736 2971  31  39  40
1767 3000  33  39  40
1788 3012  33  39  40
1798 3017  36  39  40
1800 3017  35  39  40
1793 2999  34  39  40
1778 2974  37  40  41
1756 2943  38  40  41
1735 2907  38  40  41
1715 2874  38  39  41
1703 2847  39  39  41
1697 2825  39  42  41
1694 2807  39  42  41
1701 2793  39  43  41
1715 2785  39  39  41
1736 2784  39  40  41
1766 2790  39  40  41
1802 2803  39  39  41
1852 2823  39  39  38
1904 2846  39  39  41
1963 2875  39  39  41
2024 2903  39  39  41
2078 2930  39  39  41
2127 2950  39  37  41
2168 2963  36  36  41
2195 2969  35  36  41
2208 2972  34  36  41
2212 2972  34  37  41
2202 2964  34  37  41
2179 2952  31  38  40
2148 2933  30  38  40
2103 2906  27  38  40
2042 2878  26  38  42
1971 2847  25  40  42
1887 2816  24  41  41
1795 2780  24  41  41
1701 2739  27  41  40
1605 2701  28  39  40
1513 2660  28  39  40
1427 2627  29  39  40
1354 2597  31  39  41
1294 2574  32  39  39
1250 2559  33  39  39
1225 2550  36  40  39
1213 2548  35  40  39
1215 2549  34  39  39
1239 2562  34  39  38
1280 2587  36  39  38
1338 2619  40  39  38
1412 2661  44  39  38
1498 2708  46  39  38
1591 2753  47  38  38
1690 2798  48  38  38
1794 2841  48  36  40
1895 2886  48  36  40
1997 2930  48  36  40
2098 2966  39  36  40
2190 2996  19  35  40
% 
% .PEN_UP
2277 3022   0  35  40
2342 3048   0  35  40
2387 3062   0  35  40
2419 3072   0  36  40
2434 3073   0  36  37
2438 3070   0  41  36
2434 3065   0  41  36
2419 3056   0  41  36
2398 3043   0  41  36
2360 3033   0  40  36
2318 3021   0  38  36
2273 3010   0  38  36
2220 2998   0  38  42
2166 2983   0  38  42
2114 2966   0  38  46
2067 2949   0  39  46
2022 2931   0  39  43
1983 2921   0  39  43
1949 2914   0  39  42
1916 2904   0  39  42
1888 2899   0  39  43
1865 2895   0  41  43
1848 2895   0  44  41
1839 2896   0  44  41
1834 2899   0  44  41
1835 2905   0  42  41
1838 2911   0  42  39
1845 2914   0  44  39
1854 2919   0  40  40
1864 2924   0  40  40
1873 2927   0  40  42
1884 2929   0  41  42
1893 2931   0  39  41
1897 2936   0  39  41
% 
% .PEN_DOWN
1900 2938  30  39  41
1901 2942  34  38  41
1903 2943  41  38  41
1901 2943  45  38  41
1900 2943  49  38  42
1899 2942  51  38  42
1901 2943  50  38  42
1901 2941  44  38  42
1902 2941  32  38  40
% 
