% .SEGMENT LETTER ? ? "0"
% 
% .PEN_DOWN
1716 2753  28  45  40
1702 2737  31  45  39
1696 2730  32  45  39
1694 2727  31  45  39
1697 2732  27  44  39
1708 2745  26  44  41
1724 2764  22  42  41
1746 2785  21  42  41
1770 2809  17  42  41
1792 2830  16  42  39
1813 2849  13  42  38
1829 2863  11  42  38
1839 2870  10  42  38
1842 2871  10  42  38
1837 2865  12  41  38
1826 2853  13  41  38
1813 2837  16  41  38
1798 2821  18  39  38
1782 2805  21  40  38
1770 2789  20  40  37
1760 2774  19  39  37
1753 2760  22  39  37
1748 2750  20  38  38
1747 2742  22  38  38
1749 2737  21  40  38
1754 2730  22  40  38
1764 2728  23  40  38
1779 2734  24  40  38
1798 2742  24  40  38
1827 2754  24  40  40
1860 2769  24  39  40
1898 2783  24  40  40
1932 2795  21  40  40
1961 2802  23  40  40
1987 2808  23  38  40
2004 2809  21  38  40
2014 2807  20  38  40
2017 2800  20  40  40
2015 2792  19  40  40
2012 2783  22  40  40
2010 2773  20  42  42
2014 2764  20  42  41
2024 2756  19  43  41
2044 2752  19  43  42
2073 2755  19  43  42
2113 2762  19  39  41
2167 2773  19  39  41
2224 2787  19  39  41
2290 2805  22  36  41
2357 2822  23  33  41
2430 2838  23  33  41
2497 2854  26  33  40
2560 2864  28  32  40
2616 2874  28  32  40
2664 2882  29  32  40
2703 2885  29  32  41
2734 2884  31  34  39
2763 2883  33  34  39
2783 2879  33  33  39
2791 2878  33  33  39
2791 2875  34  33  39
2774 2871  31  33  39
2745 2865  30  33  39
2697 2857  27  33  37
2634 2848  26  33  37
2553 2838  25  33  37
2463 2823  24  36  37
2358 2810  24  39  37
2236 2791  24  39  37
2109 2765  24  39  38
1982 2735  27  41  38
1857 2700  30  41  39
1738 2666  32  41  39
1623 2637  33  41  39
1523 2609  33  41  39
1436 2589  34  38  42
1369 2571  34  38  42
1318 2557  34  38  42
1286 2551  34  39  42
1270 2552  34  36  40
1269 2556  34  36  40
1289 2568  36  36  40
1322 2583  37  36  40
1377 2601  38  37  40
1447 2624  38  37  40
1538 2651  39  37  40
1651 2689  39  34  40
1773 2729  39  34  40
1903 2767  36  33  40
2035 2804  33  33  40
2167 2835  26  30  40
2295 2866  18  30  40
2422 2892   9  30  40
% 
% .PEN_UP
2538 2914   0  32  42
2635 2936   0  32  42
2724 2948   0  32  43
2796 2959   0  32  43
2851 2966   0  32  42
2898 2971   0  28  46
2936 2969   0  28  46
2957 2983   0  25  46
2974 2984   0  25  38
1951 2926   0  25  44
1972 2942   0  32  47
1995 2957   0  32  47
2011 2966   0  32  48
2019 2976   0  34  48
% 
% .PEN_DOWN
2023 2982  51  34  44
2024 2986  55  35  42
2025 2988  57  35  42
2030 2988  50  35  42
2044 2991  27  35  39
% 
