% .SEGMENT LETTER ? ? "0"
% 
% .PEN_DOWN
1352 2587  29  45  34
1346 2584  29  45  34
1345 2585  29  45  34
1347 2593  29  45  34
1354 2608  26  45  34
1368 2631  28  44  34
1390 2665  26  43  37
1422 2704  25  43  37
1457 2749  24  43  37
1499 2801  24  42  38
1552 2857  22  42  38
1603 2916  20  42  38
1651 2964  22  42  38
1699 3005  26  43  38
1739 3041  30  43  39
1769 3068  32  43  39
1792 3084  33  43  41
1804 3092  36  43  41
1810 3094  37  43  42
1811 3087  38  43  41
1810 3073  38  43  41
1807 3060  39  43  41
1803 3045  39  43  42
1801 3031  39  43  42
1804 3021  39  43  42
1809 3013  41  43  42
1821 3009  42  43  42
1841 3010  43  41  42
1876 3015  43  41  42
1918 3034  44  41  42
1971 3057  46  41  43
2033 3085  45  41  43
2101 3114  44  41  40
2174 3142  44  41  40
2243 3164  44  41  40
2307 3179  44  37  40
2358 3186  44  37  40
2397 3190  44  37  40
2426 3189  41  37  40
2445 3183  40  37  40
2457 3173  39  37  40
2464 3161  39  38  41
2472 3149  39  38  41
2478 3140  39  39  41
2484 3129  39  37  41
2494 3121  39  37  41
2507 3119  39  37  42
2528 3121  39  37  42
2554 3129  39  37  41
2587 3139  39  36  41
2629 3152  39  36  41
2674 3168  39  36  41
2723 3185  41  36  41
2768 3197  43  36  41
2807 3207  43  36  41
2833 3212  43  36  41
2845 3210  44  36  41
2841 3203  46  37  41
2818 3190  45  37  38
2773 3167  47  37  38
2710 3132  48  37  39
2634 3089  48  37  39
2533 3046  48  37  39
2414 2995  48  35  40
2284 2937  48  35  40
2148 2870  51  37  40
2010 2809  55  37  38
1877 2746  57  41  38
1749 2681  58  41  38
1629 2624  58  41  38
1525 2574  58  41  40
1440 2534  56  38  40
1372 2502  52  38  40
1323 2481  50  39  42
1293 2478  47  39  42
1282 2486  45  38  42
1292 2514  45  38  39
1320 2546  47  38  39
1368 2588  50  38  41
1435 2645  54  38  41
1530 2710  56  38  41
1646 2783  57  36  41
1776 2863  58  37  42
1914 2933  58  37  42
2049 2996  58  37  42
2172 3051  58  35  41
2285 3099  51  35  41
2375 3137  40  35  41
2453 3165  25  35  41
% 
% .PEN_UP
2512 3188   0  35  38
2552 3206   0  35  41
2574 3220   0  35  41
2582 3230   0  35  38
2576 3232   0  35  38
2554 3230   0  35  38
2512 3222   0  38  38
2462 3212   0  38  38
2401 3191   0  35  38
2339 3176   0  35  38
2261 3158   0  33  38
2190 3137   0  33  35
2123 3121   0  33  34
2064 3102   0  33  34
2016 3088   0  33  34
1984 3079   0  33  41
1964 3080   0  33  41
1946 3097   0  36  42
% 
% .PEN_DOWN
1937 3111  43  36  42
1936 3117  48  36  42
1941 3124  43  36  42
1954 3137  26  36  41
% 
