% .PEN_DOWN
1487 2716  14  48  35
1479 2708  19  48  35
1472 2703  22  48  36
1468 2700  23  48  36
1462 2700  26  45  36
1458 2704  25  45  36
1457 2715  27  43  36
1458 2731  28  43  35
1464 2754  26  43  35
1475 2781  25  43  35
1495 2816  24  43  35
1518 2862  24  43  36
1552 2917  24  44  37
1589 2967  24  44  37
1625 3009  24  44  37
1652 3041  24  44  39
1674 3065  24  44  39
1688 3077  24  44  39
1696 3079  24  44  39
1696 3068  24  44  38
1691 3052  24  44  38
1683 3031  24  44  38
1675 3009  24  44  38
1671 2990  24  44  38
1672 2975  24  46  38
1679 2965  24  47  38
1697 2960  24  47  38
1726 2964  24  47  40
1763 2974  24  45  40
1803 2988  24  45  40
1848 3003  24  43  40
1896 3019  24  43  40
1937 3035  27  43  40
1974 3045  25  43  40
2006 3054  25  42  39
2030 3056  27  42  39
2044 3053  28  41  39
2046 3044  28  41  38
2033 3028  29  41  38
2008 3006  29  41  38
1971 2978  29  41  38
1920 2942  26  41  36
1859 2897  25  42  35
1785 2846  27  42  35
1714 2797  28  44  35
1637 2745  26  44  34
1564 2693  28  44  34
1496 2646  31  44  34
1436 2608  32  44  34
1392 2578  33  44  34
1363 2562  33  44  36
1349 2552  36  44  36
1348 2556  35  44  36
1363 2570  37  44  39
1397 2598  38  42  39
1447 2636  41  42  38
1511 2689  42  42  38
1585 2744  41  42  38
1667 2797  42  42  38
1754 2855  43  42  40
1844 2913  46  42  40
1932 2962  47  42  40
2015 3006  45  40  40
2090 3051  47  40  39
2163 3085  48  42  39
2223 3118  46  42  39
2277 3145  45  37  39
2323 3166  42  37  40
2359 3179  40  37  40
2383 3189  40  37  40
2398 3196  39  37  40
2402 3196  39  37  40
2401 3196  39  37  38
2393 3191  41  37  40
2380 3186  43  36  40
2362 3182  43  36  38
2345 3176  43  38  38
2332 3168  44  38  37
2322 3163  44  38  37
2316 3160  39  40  37
2316 3157  31  40  37
2319 3156  20  40  37
2325 3157  10  39  37
% 
% .PEN_UP
2332 3160   0  39  37
2337 3162   0  39  40
2341 3163   0  39  40
2345 3165   0  38  40
2342 3162   0  38  42
2337 3162   0  40  42
2326 3157   0  41  38
2317 3150   0  41  38
2305 3140   0  41  40
2294 3130   0  44  40
2286 3119   0  44  42
2279 3109   0  44  42
2273 3100   0  44  37
2266 3084   0  44  37
2261 3071   0  44  35
2256 3064   0  44  35
2258 3052   0  44  30
2254 3049   0  44  32
2256 3042   0  44  32
2257 3033   0  44  32
2266 3028   0  44  32
2268 3023   0  44  32
2278 3020   0  44  32
2281 3019   0  41  32
2287 3018   0  41  32
2287 3012   0  35  32
2294 3012   0  37  32
2299 3022   0  37  32
2300 3014   0  37  17
2305 3020   0  34  17
2304 3028   0  34  17
2301 3043   0  32  20
2297 3041   0  32  20
2289 3054   0  31  20
2293 3065   0  31  20
2284 3077   0  30  20
1940 3169   0  30  19
1943 3174   0  30  19
1949 3174   0  30  31
1946 3184   0  30  31
1942 3195   0  30  31
% 
% .PEN_DOWN
1941 3198  42  30  31
1941 3189  21  30  31
% 
