% .SEGMENT LETTER ? ? "0"
% 
% .PEN_DOWN
1452 2607  20  40  37
1449 2608  22  39  37
1448 2612  23  39  37
1448 2614  24  39  37
1448 2619  24  39  37
1450 2627  24  39  37
1457 2640  24  39  38
1466 2657  24  39  38
1481 2683  24  40  38
1504 2717  24  40  38
1537 2753  24  40  38
1577 2793  24  40  38
1617 2837  24  39  40
1662 2890  24  39  40
1710 2941  24  39  38
1756 2988  24  39  41
1799 3028  24  39  40
1840 3063  24  40  40
1874 3091  24  40  41
1900 3110  24  37  40
1916 3121  24  37  42
1924 3125  24  37  42
1928 3124  22  37  40
1925 3112  23  38  40
1911 3088  21  40  41
1890 3058  22  40  41
1860 3024  23  40  41
1830 2986  24  40  41
1801 2941  24  40  40
1777 2900  24  41  40
1755 2867  24  41  40
1739 2839  24  42  40
1732 2819  24  42  40
1732 2806  24  43  40
1741 2799  21  43  40
1758 2797  20  43  40
1780 2800  22  43  40
1808 2812  21  40  40
1844 2827  22  40  40
1884 2847  23  40  40
1923 2867  21  40  40
1960 2888  23  41  40
1993 2904  23  41  41
2018 2917  24  39  42
2032 2923  21  39  42
2035 2927  20  38  42
2023 2926  20  38  43
1999 2919  22  38  43
1965 2905  23  38  42
1917 2882  23  38  42
1859 2858  24  42  42
1795 2830  26  41  42
1728 2806  28  41  41
1665 2781  31  42  41
1603 2753  32  42  42
1548 2727  33  42  41
1502 2700  33  42  41
1461 2680  34  41  41
1428 2663  34  41  40
1405 2656  34  41  40
1394 2656  34  40  39
1392 2662  34  40  39
1402 2678  31  40  39
1424 2701  30  39  39
1455 2733  32  39  40
1498 2768  30  41  40
1554 2804  30  41  40
1614 2843  29  41  40
1682 2886  29  41  41
1750 2931  31  41  41
1823 2971  33  41  41
1892 3011  33  41  41
1965 3045  33  41  41
2036 3083  34  41  41
2110 3116  31  41  41
2181 3148  28  41  41
2246 3173  23  41  43
2308 3191  21  38  43
2360 3206  18  38  43
2403 3216  13  36  43
2437 3223   6  36  43
% 
% .PEN_UP
2462 3225   0  34  43
2476 3226   0  33  43
2482 3226   0  33  43
2478 3226   0  33  43
2469 3219   0  35  43
2453 3215   0  35  43
2434 3210   0  35  45
2416 3202   0  35  45
2395 3197   0  34  45
2369 3187   0  34  43
2337 3175   0  40  44
2309 3161   0  40  44
2280 3143   0  40  44
2249 3122   0  40  44
2214 3104   0  40  44
2177 3085   0  40  43
2142 3068   0  40  43
2110 3046   0  40  43
2075 3034   0  39  43
2045 3019   0  39  43
2018 3004   0  44  43
1989 2988   0  44  42
1963 2973   0  44  42
1944 2960   0  44  42
1925 2950   0  39  42
1906 2941   0  39  42
1890 2932   0  41  42
1880 2927   0  41  39
1874 2925   0  38  40
1866 2926   0  38  40
1862 2926   0  37  40
1861 2927   0  37  40
1861 2930   0  39  40
1862 2935   0  39  40
1866 2939   0  42  42
1869 2945   0  42  42
1871 2951   0  41  42
1873 2954   0  41  43
1876 2957   0  41  43
1878 2960   0  41  43
1879 2961   0  41  43
1881 2962   0  41  43
1881 2960   0  41  43
1881 2958   0  41  42
1878 2957   0  40  42
1876 2955   0  40  42
1874 2954   0  40  42
1872 2952   0  40  42
1870 2951   0  40  42
1868 2948   0  40  42
1866 2947   0  40  40
1867 2947   0  40  40
1867 2947   0  39  40
% 
% .PEN_DOWN
1867 2946  13  39  39
1867 2946  23  39  39
1865 2946  36  37  41
1866 2945  45  37  41
1866 2945  49  37  39
1867 2945  54  38  39
1867 2946  56  38  39
1867 2946  55  38  39
1866 2947  54  35  40
1869 2950  51  35  40
1874 2955  30  35  41
