% .SEGMENT LETTER ? ? "0"
% 
% .PEN_DOWN
1479 2476  38  43  34
1473 2475  41  43  34
1470 2478  42  43  33
1472 2487  45  43  33
1480 2513  47  43  33
1499 2546  45  43  33
1530 2588  45  43  34
1578 2641  44  43  34
1628 2706  41  43  38
1685 2771  40  40  38
1743 2840  37  40  38
1798 2902  38  39  38
1846 2949  41  37  38
1884 2986  45  37  38
1912 3009  49  37  37
1929 3020  51  37  37
1937 3026  52  37  40
1937 3024  53  37  40
1926 3012  53  37  40
1902 2992  53  38  41
1872 2965  53  38  41
1843 2933  53  38  41
1820 2901  53  38  39
1806 2877  53  38  39
1801 2862  53  38  38
1806 2851  56  38  38
1826 2848  55  38  38
1866 2859  54  36  38
1920 2882  56  36  39
1995 2912  55  33  39
2079 2947  54  33  39
2170 2976  54  33  39
2259 3003  54  33  39
2339 3023  54  33  37
2404 3038  54  33  37
2455 3044  54  33  37
2493 3043  54  35  36
2514 3034  54  34  36
2516 3020  54  34  36
2499 3000  54  35  36
2460 2971  51  35  37
2404 2934  50  36  36
2333 2894  49  36  36
2240 2848  51  37  36
2140 2801  52  40  36
2034 2752  53  38  36
1922 2702  51  38  39
1811 2651  52  40  39
1709 2602  53  41  38
1612 2561  53  43  38
1533 2520  53  43  37
1468 2487  53  41  37
1422 2466  53  41  39
1399 2455  53  39  39
1397 2458  53  37  38
1422 2480  56  37  38
1472 2522  57  37  38
1554 2576  58  37  38
1666 2648  58  37  38
1791 2724  58  32  37
1928 2810  58  32  37
2070 2893  58  31  37
2209 2966  56  31  38
2338 3033  57  29  38
2456 3093  53  29  39
2556 3140  38  31  39
2634 3173  19  31  39
% 
% .PEN_UP
2688 3196   0  32  39
2719 3209   0  32  39
2727 3213   0  32  39
2720 3213   0  32  39
2696 3206   0  33  39
2656 3197   0  33  39
2611 3184   0  33  39
2550 3164   0  33  41
2483 3136   0  33  41
2410 3105   0  33  37
2339 3078   0  33  37
2262 3048   0  33  37
2186 3023   0  33  37
2116 3000   0  33  41
2057 2984   0  39  41
2013 2975   0  39  43
1981 2968   0  39  42
1958 2968   0  39  42
1948 2973   0  39  42
1950 2983   0  39  42
1956 2994   0  39  42
1966 3004   0  39  42
% 
% .PEN_DOWN
1981 3020  51  36  42
2002 3035  52  36  42
2028 3048  43  35  42
% 
