% .SEGMENT LETTER ? ? "0"
% 
% .PEN_DOWN
1450 2553  11  40  39
1437 2541  15  40  39
1425 2534  17  40  39
1418 2530  18  40  39
1414 2528  21  39  38
1414 2528  22  39  38
1418 2537  23  39  38
1433 2555  24  39  40
1457 2584  24  38  40
1490 2623  24  38  40
1541 2679  24  40  40
1600 2741  24  40  41
1669 2804  24  40  41
1740 2878  24  40  41
1810 2941  24  40  41
1874 2993  26  40  41
1927 3033  30  40  41
1965 3062  32  40  41
1989 3078  33  39  40
2000 3080  36  39  40
1997 3069  37  38  40
1983 3047  38  38  39
1959 3014  41  38  39
1925 2979  42  39  39
1889 2939  43  39  39
1861 2900  43  39  39
1842 2870  44  40  39
1834 2848  44  38  39
1840 2833  44  38  39
1864 2829  46  38  39
1905 2838  47  37  39
1965 2865  48  37  38
2043 2905  48  37  40
2136 2947  48  37  40
2236 2987  48  34  40
2333 3028  48  34  40
2426 3065  48  34  40
2502 3098  48  34  38
2557 3120  48  34  38
2592 3132  48  34  38
2608 3140  48  34  38
2604 3136  49  36  37
2580 3122  46  36  37
2526 3099  45  36  38
2455 3066  44  35  38
2364 3029  44  35  37
2254 2981  46  35  39
2138 2924  47  35  39
2022 2866  48  37  39
1908 2807  48  37  39
1798 2749  46  37  39
1699 2690  47  40  39
1612 2643  48  40  39
1547 2605  48  40  39
1501 2584  48  40  39
1475 2572  48  40  40
1462 2570  48  39  40
1468 2580  48  39  40
1492 2604  48  39  40
1538 2637  48  39  39
1600 2687  48  38  39
1678 2737  48  36  38
1759 2790  49  36  38
1851 2840  51  36  37
1948 2896  50  36  37
2042 2947  52  36  39
2137 2993  50  36  39
2222 3036  52  36  39
2301 3075  50  35  38
2365 3112  40  35  39
2416 3141  20  35  39
% 
% .PEN_UP
2453 3163   0  35  38
2473 3180   0  33  38
2476 3188   0  35  38
2465 3190   0  35  38
2445 3189   0  35  38
2425 3183   0  35  38
2396 3173   0  35  39
2362 3162   0  37  41
2323 3148   0  37  41
2288 3127   0  40  41
2251 3112   0  40  40
2206 3096   0  41  40
2168 3078   0  41  37
2133 3057   0  45  35
2102 3042   0  45  35
2074 3035   0  35  35
2049 3024   0  35  35
2028 3014   0  38  35
2012 3009   0  38  35
2001 3006   0  43  35
1994 3008   0  43  35
1989 3006   0  45  35
1990 3007   0  45  35
1988 3008   0  45  35
1995 3010   0  45  35
1999 3011   0  44  35
2006 3013   0  44  35
2019 3013   0  40  35
2024 3015   0  39  35
2027 3018   0  39  35
% 
% .PEN_DOWN
2028 3018  46  39  35
2032 3020  50  37  35
2038 3021  47  35  35
2047 3024  26  35  35
% 
