% .SEGMENT LETTER ? ? "0"
% 
% .PEN_DOWN
1780 2924   2  42  46
1780 2925   3  42  46
1780 2927   6  42  46
1782 2932  10  42  46
1782 2935  15  42  45
1781 2940  17  42  45
1780 2945  18  42  45
1777 2950  21  42  45
1774 2957  22  42  45
1770 2963  23  43  45
1762 2969  24  43  44
1750 2974  24  43  44
1735 2978  24  43  44
1718 2980  26  45  44
1699 2977  28  45  44
1681 2969  28  44  44
1665 2958  29  44  44
1652 2944  29  44  44
1641 2928  29  44  43
1630 2909  29  44  43
1623 2885  29  44  41
1619 2863  29  43  41
1620 2840  29  43  41
1624 2821  26  42  41
1632 2807  28  42  41
1643 2796  28  42  41
1656 2791  26  42  41
1669 2788  28  43  41
1681 2789  28  43  41
1693 2793  29  44  41
1703 2798  29  45  41
1712 2802  29  45  41
1718 2807  29  45  41
1723 2817  29  45  41
1726 2824  31  45  39
1727 2831  33  44  40
1727 2839  36  44  40
1726 2844  37  43  40
1725 2844  38  43  39
1725 2843  38  43  40
1726 2838  39  43  40
1726 2826  39  43  40
1729 2809  36  43  40
1732 2791  35  43  40
1739 2768  34  42  40
1747 2741  34  42  40
1759 2710  34  42  39
1769 2677  36  40  39
1780 2646  38  40  38
1790 2624  36  40  38
1800 2605  35  40  38
1806 2593  34  40  38
1808 2584  34  40  38
1807 2578  34  40  38
1804 2572  36  40  38
1797 2570  35  40  38
1788 2567  37  40  38
1776 2566  38  40  38
1761 2568  38  40  37
1746 2573  36  40  37
1732 2582  35  40  37
1717 2594  34  42  37
1707 2608  34  42  37
1699 2628  32  43  37
1698 2656  30  42  37
1703 2690  30  42  37
1713 2723  27  42  38
1726 2756  25  42  38
1742 2787  25  42  38
1758 2815  24  42  38
1773 2842  27  42  40
1787 2872  28  42  40
1799 2899  28  42  41
1809 2924  26  42  41
1816 2947  25  42  41
1820 2964  27  45  41
1821 2979  28  45  41
1818 2995  29  42  41
1812 3003  31  42  41
1802 3007  32  42  41
1789 3009  33  42  41
1776 3010  33  44  41
1763 3007  34  44  41
1753 3005  34  44  41
1748 3006  34  44  41
1747 3003  31  44  41
1749 3005  30  42  41
1755 3007  30  42  41
1763 3009  29  42  41
1773 3013  29  42  41
1781 3018  29  42  41
1785 3019  29  42  41
1786 3021  29  42  41
1783 3017  31  42  41
1771 3010  33  42  41
1751 2999  33  45  41
1726 2981  36  45  41
1700 2959  37  45  41
1680 2933  38  45  41
1664 2908  38  45  41
1654 2885  36  45  42
1650 2866  35  45  42
1649 2849  32  45  40
1652 2832  30  45  40
1656 2819  30  45  40
1663 2808  27  45  40
1670 2800  28  46  40
1676 2791  28  46  40
1679 2779  29  46  40
1680 2760  29  47  40
1677 2738  29  47  39
1671 2712  29  47  39
1666 2686  29  47  39
1665 2663  29  45  39
1667 2647  31  45  38
1675 2635  30  46  38
1686 2627  30  45  38
1704 2628  29  45  38
1726 2633  29  45  38
1750 2644  29  43  38
1772 2662  31  43  38
1795 2682  30  43  38
1815 2704  32  43  38
1834 2727  33  43  38
1852 2750  33  43  38
1867 2774  34  43  38
1877 2797  34  43  38
1883 2812  34  43  38
1885 2824  36  43  38
1885 2833  40  41  40
1883 2841  42  41  40
1880 2843  43  42  40
1879 2843  46  42  39
1877 2842  45  42  39
1875 2837  44  42  40
1875 2828  44  42  40
1877 2817  44  42  40
1883 2804  44  41  40
1893 2793  44  41  40
1908 2783  44  41  40
1922 2776  44  41  40
1935 2768  41  41  40
1943 2762  40  41  38
1946 2754  39  41  38
1944 2743  39  41  40
1938 2729  39  41  39
1927 2717  39  41  39
1912 2703  41  39  39
1895 2690  43  39  37
1880 2682  46  39  39
1871 2677  47  39  39
1866 2674  48  43  39
1864 2674  46  43  39
1868 2680  42  42  39
1877 2694  41  42  40
1889 2714  40  43  40
1906 2735  39  43  39
1925 2757  39  41  39
1942 2778  39  41  39
1957 2801  39  41  39
1971 2820  39  41  39
1982 2842  39  40  39
1991 2862  39  42  38
1996 2879  39  42  38
1997 2892  39  42  41
1993 2901  39  42  41
1986 2911  39  42  40
1978 2913  39  43  41
1969 2910  41  43  41
1960 2901  43  43  41
1955 2890  43  43  40
1953 2882  41  43  40
1956 2870  40  43  40
1964 2861  39  43  40
1976 2852  39  43  41
1993 2846  39  42  41
2016 2845  39  42  41
2041 2844  39  42  41
2064 2845  39  42  41
2080 2843  39  42  41
2090 2837  39  42  40
2095 2828  39  42  40
2095 2816  39  42  40
2091 2805  39  42  40
2087 2797  39  42  40
2082 2787  39  42  40
2081 2779  39  42  40
2081 2776  39  42  40
2083 2774  36  42  40
2087 2773  35  42  38
2095 2776  34  42  38
2108 2785  34  42  38
2122 2796  34  42  38
2138 2807  34  41  38
2154 2821  34  42  38
2168 2835  34  42  38
2175 2845  34  42  40
2178 2848  39  40  40
2175 2853  41  40  42
2168 2853  43  41  42
2157 2851  43  41  42
2147 2846  46  43  42
2139 2839  47  43  42
2135 2832  45  44  42
2133 2828  45  44  42
2134 2825  42  44  42
2138 2825  40  44  42
2149 2828  39  44  42
2166 2837  39  43  40
2190 2851  39  43  40
2217 2869  39  43  38
2246 2888  39  43  38
2272 2907  39  43  39
2297 2920  39  40  40
2314 2931  39  40  40
2322 2937  39  39  40
2326 2937  41  39  41
2320 2930  43  41  41
2310 2917  43  41  40
2297 2902  43  41  40
2286 2887  44  41  38
2279 2876  44  41  38
2277 2871  41  41  37
2285 2871  37  41  37
2302 2878  38  41  37
2328 2890  36  40  37
2360 2909  35  40  36
2393 2929  34  40  39
2427 2950  34  40  39
2463 2968  34  39  39
2498 2984  34  37  39
2528 3000  34  37  39
2551 3012  31  37  39
2566 3017  33  37  39
2574 3020  33  37  39
2578 3023  38  37  39
2575 3022  41  37  39
2566 3014  42  37  39
2551 3004  43  37  39
2528 2994  43  38  39
2497 2981  41  38  39
2463 2967  37  40  39
2434 2954  36  39  42
2409 2942  37  40  42
2393 2935  35  40  42
2385 2931  35  39  42
2386 2928  32  40  44
2398 2931  30  38  44
2418 2942  30  38  45
2449 2956  32  40  45
2486 2970  33  40  43
2524 2984  33  37  43
2558 2998  33  37  43
2585 3007  34  37  43
2603 3009  34  37  43
2608 3010  34  36  43
2602 3009  36  39  43
2581 3000  37  37  43
2542 2988  36  37  43
2487 2969  37  39  43
2420 2940  38  39  42
2345 2910  38  40  43
2260 2870  36  40  43
2172 2829  37  41  43
2080 2792  41  41  43
1994 2747  47  43  43
1912 2700  50  42  41
1846 2653  52  42  41
1799 2619  53  42  41
1772 2595  53  44  41
1767 2579  53  45  41
1780 2570  53  45  41
1814 2575  53  45  41
1871 2594  53  43  40
1947 2625  53  43  41
2034 2665  53  41  41
2137 2709  53  41  40
2242 2749  51  41  40
2338 2787  50  41  40
2426 2822  49  37  41
2497 2851  49  37  41
2544 2869  49  37  41
2569 2875  49  37  42
2576 2874  44  35  42
2566 2858  29  35  42
