% .SEGMENT LETTER ? ? "0"
% 
% .PEN_DOWN
1767 2948   2  41  42
1766 2949   6  41  42
1767 2952   7  41  42
1767 2955   8  41  41
1766 2959  11  43  41
1765 2961  13  44  41
1763 2967  16  44  41
1758 2970  17  44  41
1752 2973  18  45  41
1743 2975  19  45  39
1731 2975  19  45  39
1718 2974  19  45  40
1704 2967  19  45  39
1690 2957  19  45  40
1676 2943  19  45  40
1665 2926  19  45  39
1655 2907  19  45  39
1647 2886  19  45  38
1642 2862  19  45  38
1640 2840  19  45  38
1641 2820  19  45  38
1644 2804  19  45  38
1649 2793  19  45  38
1658 2786  17  45  38
1666 2780  18  44  38
1677 2781  16  44  38
1689 2784  15  46  38
1700 2791  17  46  38
1712 2799  16  46  38
1723 2807  15  46  38
1734 2818  15  46  40
1741 2830  14  46  40
1746 2840  17  45  40
1750 2847  18  45  40
1751 2855  18  44  40
1752 2860  21  44  40
1751 2860  23  44  40
1750 2860  23  44  40
1749 2853  24  44  40
1749 2838  24  46  40
1749 2817  24  46  40
1752 2794  24  46  39
1758 2767  24  45  38
1764 2738  24  45  39
1773 2705  24  45  39
1781 2673  24  45  38
1787 2646  24  45  38
1794 2621  24  45  38
1797 2601  24  45  38
1798 2586  24  45  38
1796 2573  24  45  38
1791 2558  24  45  38
1788 2547  24  45  38
1781 2540  27  45  38
1773 2535  28  45  38
1764 2534  28  45  38
1754 2538  29  45  38
1743 2549  29  45  38
1731 2561  29  44  38
1721 2580  29  44  38
1714 2600  29  44  38
1707 2623  29  45  38
1704 2653  26  45  38
1707 2684  25  45  36
1712 2716  25  45  36
1722 2747  27  45  36
1735 2777  28  45  37
1751 2805  28  45  37
1767 2834  26  45  37
1782 2864  25  45  38
1795 2896  27  45  38
1803 2920  28  45  40
1808 2941  29  45  40
1812 2957  26  45  40
1811 2971  28  45  40
1808 2980  28  45  40
1800 2987  29  45  40
1791 2990  29  45  40
1778 2988  31  43  41
1760 2984  30  43  40
1743 2981  30  44  40
1727 2975  29  44  41
1712 2969  32  44  38
1701 2964  30  44  39
1694 2961  32  44  39
1692 2958  31  44  38
1693 2959  30  44  38
1699 2961  29  44  40
1709 2964  27  45  39
1722 2970  25  45  39
1735 2973  25  44  39
1744 2977  24  44  39
1749 2976  24  44  40
1751 2972  24  44  40
1744 2961  24  45  40
1731 2942  24  45  41
1712 2916  24  45  41
1692 2887  24  45  41
1672 2856  24  45  41
1655 2826  27  45  41
1639 2800  25  44  41
1625 2778  25  44  37
1612 2755  27  44  38
1604 2732  25  44  38
1600 2712  25  44  38
1603 2695  24  44  39
1610 2683  24  43  39
1623 2675  24  43  38
1639 2674  24  43  38
1657 2674  24  43  39
1679 2680  24  44  39
1703 2690  24  44  39
1729 2702  24  43  41
1754 2718  24  43  41
1776 2735  24  43  41
1797 2751  24  43  39
1816 2768  24  45  39
1832 2783  24  43  39
1847 2797  24  43  39
1856 2806  24  43  39
1861 2814  24  43  39
1863 2818  24  43  39
1861 2820  27  42  39
1858 2821  28  42  39
1854 2815  28  43  39
1849 2809  29  44  39
1844 2803  26  44  39
1842 2794  28  44  39
1842 2785  28  44  39
1844 2778  29  44  40
1850 2772  26  45  40
1859 2768  25  45  40
1870 2765  25  44  40
1886 2765  24  44  39
1902 2766  24  43  39
1915 2767  24  43  38
1928 2767  27  43  38
1936 2766  25  43  39
1939 2762  25  43  39
1939 2751  27  43  38
1933 2738  25  43  39
1924 2722  25  43  39
1913 2703  27  44  39
1901 2686  28  44  38
1889 2671  28  45  38
1878 2660  29  43  37
1869 2652  29  43  37
1861 2647  29  43  36
1855 2646  29  44  36
1852 2649  31  43  36
1852 2654  33  43  36
1858 2667  31  43  38
1867 2687  27  44  38
1884 2712  26  44  40
1905 2739  25  43  40
1928 2764  24  43  40
1953 2793  24  41  40
1979 2819  24  41  41
2006 2849  24  42  41
2027 2873  24  42  42
2042 2890  24  41  42
2049 2900  24  41  41
2051 2907  27  42  42
2045 2908  28  42  42
2035 2902  28  41  42
2022 2890  29  41  41
2011 2877  29  43  41
2002 2864  29  43  41
1999 2853  29  44  41
1998 2842  29  42  39
2001 2832  29  42  39
2008 2825  29  42  39
2019 2822  29  42  39
2032 2822  29  42  39
2047 2823  29  42  39
2062 2827  29  42  39
2075 2828  29  42  39
2084 2828  29  42  37
2090 2825  29  42  37
2091 2818  29  42  37
2088 2808  29  42  37
2083 2797  29  42  37
2076 2784  29  43  37
2068 2771  29  43  37
2060 2757  29  42  37
2055 2747  29  42  37
2052 2741  29  43  37
2051 2737  29  42  38
2053 2738  29  42  38
2062 2743  29  42  37
2075 2753  27  42  37
2094 2768  25  41  37
2116 2786  25  41  37
2144 2805  24  41  37
2174 2823  24  41  37
2202 2842  24  41  39
2224 2857  24  41  39
2237 2867  24  41  40
2244 2871  24  41  40
2245 2867  24  41  40
2237 2857  27  42  40
2223 2841  28  42  40
2201 2821  31  42  40
2180 2803  32  42  40
2161 2785  33  44  40
2148 2773  33  44  37
2141 2764  34  42  37
2141 2761  31  42  37
2150 2763  28  43  37
2172 2770  26  43  37
2199 2783  22  41  37
2231 2805  21  41  37
2265 2826  20  41  37
2303 2854  19  41  39
2341 2885  19  40  39
2377 2918  19  40  40
2408 2948  19  40  40
2434 2972  19  40  40
2451 2989  22  41  40
2460 2998  28  41  40
2457 3001  33  41  40
2443 2998  36  41  40
2418 2987  35  41  40
2382 2969  37  41  41
2339 2947  38  41  41
2300 2921  38  41  40
2269 2899  39  41  40
2248 2882  36  41  40
2238 2871  30  40  40
2240 2867  27  40  41
2253 2868  26  40  42
2276 2877  25  40  42
2313 2894  24  40  42
2358 2914  24  40  42
2402 2937  24  39  42
2449 2956  24  37  43
2493 2971  24  37  43
2529 2982  24  37  43
2552 2988  24  37  43
2564 2991  24  37  43
2564 2990  27  37  43
2549 2981  28  36  44
2514 2966  26  36  44
2464 2945  25  36  43
2400 2912  22  38  43
2326 2874  20  38  41
2241 2836  22  40  39
2154 2795  26  40  39
2064 2751  32  38  39
1977 2699  35  38  38
1899 2652  40  41  38
1838 2610  42  41  38
1792 2578  40  41  38
1762 2554  39  40  38
1749 2542  34  40  38
1755 2536  32  40  38
1775 2541  30  40  38
1811 2555  30  38  38
1866 2577  29  38  38
1931 2605  29  38  38
2010 2639  29  38  38
2094 2678  29  38  40
2176 2711  24  38  42
% 
