% .SEGMENT LETTER ? ? "0"
% 
% .PEN_DOWN
1767 2960   7  46  41
1768 2963  11  46  41
1769 2966  15  45  41
1767 2970  19  47  41
1766 2973  24  47  41
1763 2976  29  47  41
1757 2980  31  47  41
1749 2981  35  47  41
1739 2981  37  48  41
1723 2981  40  48  41
1708 2977  42  47  41
1692 2969  43  47  39
1676 2955  43  47  39
1660 2935  44  47  37
1645 2914  44  47  37
1631 2888  44  47  37
1621 2861  46  44  37
1617 2840  45  43  37
1619 2821  44  43  37
1625 2804  44  43  37
1634 2793  44  43  37
1647 2785  44  43  37
1661 2784  44  47  37
1675 2787  44  48  37
1693 2793  44  48  37
1709 2803  44  48  37
1723 2808  44  47  37
1733 2816  44  47  35
1741 2822  44  47  35
1744 2828  41  47  37
1744 2829  43  47  37
1741 2829  43  47  37
1737 2823  43  47  37
1732 2815  44  47  37
1729 2800  44  46  37
1728 2783  44  46  37
1730 2762  44  46  37
1732 2740  44  46  38
1739 2715  44  45  34
1746 2687  44  45  38
1750 2663  44  45  38
1755 2643  44  45  34
1759 2625  44  45  34
1760 2609  44  45  34
1759 2597  44  45  34
1756 2585  46  45  34
1749 2573  47  45  34
1742 2561  50  45  34
1733 2557  52  46  34
1726 2554  53  46  33
1720 2554  53  46  33
1715 2562  53  46  33
1712 2577  53  46  33
1712 2602  51  46  34
1716 2639  50  46  34
1720 2689  47  46  34
1727 2739  45  44  34
1738 2791  44  44  34
1748 2838  44  45  36
1757 2883  44  45  36
1762 2922  44  45  36
1767 2948  46  46  37
1767 2967  50  45  37
1763 2978  52  45  37
1755 2986  53  46  37
1740 2989  51  46  37
1720 2987  50  45  37
1699 2981  49  45  39
1677 2968  49  45  38
1654 2952  49  45  38
1633 2931  49  45  38
1614 2911  49  45  41
1600 2894  49  44  41
1591 2873  51  44  41
1588 2852  50  44  41
1591 2838  52  44  41
1598 2823  50  44  41
1610 2813  49  44  41
1624 2808  49  44  41
1638 2803  49  44  41
1649 2799  49  44  41
1658 2787  49  44  41
1662 2777  49  46  39
1664 2760  49  46  39
1664 2740  49  44  39
1662 2715  49  44  37
1663 2694  49  44  37
1663 2678  49  43  35
1667 2667  49  43  35
1678 2662  49  43  36
1694 2663  49  44  36
1712 2676  49  44  36
1735 2692  49  43  35
1758 2715  49  43  35
1780 2738  49  43  35
1803 2760  49  43  35
1823 2782  49  43  35
1844 2802  49  43  35
1862 2825  49  43  35
1877 2847  49  43  38
1885 2864  49  43  38
1888 2874  49  43  37
1885 2882  49  43  37
1879 2880  49  43  39
1871 2872  51  46  39
1861 2859  52  46  36
1852 2846  53  45  36
1847 2833  53  45  36
1846 2820  53  46  36
1849 2810  53  46  36
1858 2803  53  47  36
1873 2799  53  46  36
1892 2797  53  46  36
1911 2793  53  46  36
1930 2791  53  46  36
1944 2788  53  46  36
1954 2784  56  46  37
1960 2777  55  46  37
1962 2769  54  46  37
1960 2757  56  46  37
1953 2746  55  46  36
1943 2732  54  46  36
1932 2718  56  46  36
1921 2707  57  46  36
1912 2700  55  43  36
1905 2697  57  43  36
1901 2696  55  44  36
1900 2699  52  44  36
1903 2710  50  44  36
1911 2727  47  44  39
1922 2744  45  44  39
1937 2765  45  44  39
1953 2786  44  44  39
1968 2805  44  44  39
1984 2825  44  44  38
2000 2844  44  44  38
2011 2861  44  43  38
2020 2872  44  43  37
2022 2877  44  43  37
2021 2878  44  44  39
2013 2873  46  44  39
2003 2861  47  44  38
1992 2846  48  44  38
1983 2831  48  44  38
1977 2817  51  43  38
1976 2808  50  43  38
1978 2799  52  42  38
1985 2794  53  42  38
1995 2791  53  43  38
2011 2794  53  43  38
2031 2800  53  42  38
2055 2813  53  42  36
2075 2830  53  42  36
2093 2850  53  42  35
2108 2868  51  42  35
2115 2882  52  42  35
2117 2892  53  42  35
2112 2897  51  42  39
2102 2891  52  42  40
2087 2880  53  42  40
2070 2866  53  43  40
2056 2852  51  43  39
2046 2839  50  43  39
2044 2832  49  43  37
2049 2827  49  43  37
2062 2827  49  43  38
2080 2832  49  43  37
2103 2846  49  43  37
2132 2858  49  44  37
2166 2875  49  44  37
2200 2889  49  41  36
2230 2903  49  41  36
2253 2915  49  40  36
2270 2920  49  40  39
2278 2919  49  38  37
2283 2914  51  38  37
2283 2904  52  39  37
2277 2892  53  39  37
2270 2876  53  39  37
2264 2861  56  39  37
2260 2851  57  39  38
2260 2846  55  39  38
2266 2845  54  39  38
2282 2853  54  39  36
2306 2868  54  39  36
2336 2888  51  39  36
2370 2913  50  39  36
2403 2939  49  39  36
2432 2963  51  38  36
2460 2983  50  38  36
2477 2995  52  39  36
2484 2999  55  39  36
2474 2999  57  40  36
2452 2991  58  40  36
2418 2971  58  41  36
2366 2940  58  41  38
2306 2898  58  41  38
2233 2853  58  41  38
2155 2807  58  44  38
2070 2761  58  44  38
1985 2707  61  46  38
1901 2658  60  47  38
1822 2615  59  47  38
1749 2580  61  47  38
1687 2550  60  47  38
1638 2529  62  45  40
1610 2518  63  45  40
1602 2517  63  45  41
1620 2527  63  45  41
1666 2549  63  45  41
1738 2584  63  45  41
1833 2626  63  39  41
1948 2676  63  39  41
2066 2724  63  39  38
2179 2766  58  38  36
2286 2795  41  38  38
% 
