% .SEGMENT LETTER ? ? "0"
% 
% .PEN_DOWN
1808 2975   7  43  42
1808 2979   8  43  42
1809 2981  11  43  42
1809 2984  13  43  42
1808 2987  16  43  42
1808 2990  20  43  42
1808 2997  22  43  42
1808 3001  25  43  42
1806 3006  30  43  42
1801 3008  32  43  42
1794 3008  33  43  42
1782 3006  33  43  42
1768 3003  36  43  42
1751 2996  37  43  42
1732 2989  38  46  42
1714 2977  38  45  40
1700 2959  39  47  40
1688 2939  39  47  41
1679 2917  41  45  41
1675 2892  42  45  39
1676 2867  41  46  39
1679 2842  40  46  39
1684 2824  39  47  39
1693 2808  39  47  39
1708 2798  39  46  39
1723 2795  39  43  39
1739 2792  39  43  39
1756 2796  39  43  39
1772 2801  39  43  39
1784 2810  39  43  39
1796 2825  39  43  39
1804 2835  39  43  36
1811 2848  39  43  36
1815 2861  39  43  37
1817 2870  39  45  38
1817 2874  41  45  38
1816 2877  43  45  38
1814 2879  43  45  39
1814 2870  43  45  39
1813 2852  44  45  39
1814 2831  44  45  39
1816 2803  44  45  39
1822 2775  46  46  39
1828 2741  47  46  37
1835 2708  46  45  37
1841 2678  42  45  35
1846 2649  40  45  35
1850 2626  40  45  35
1851 2606  39  45  35
1849 2589  39  45  35
1843 2575  39  45  35
1837 2562  39  45  34
1827 2553  41  46  34
1818 2545  45  46  34
1809 2542  47  46  34
1801 2543  48  46  34
1791 2550  48  46  34
1785 2562  48  46  34
1782 2581  46  46  34
1780 2609  42  46  34
1783 2647  38  46  34
1786 2691  36  46  36
1795 2738  35  46  36
1802 2784  34  46  37
1811 2833  34  46  37
1819 2880  34  46  38
1825 2920  36  45  38
1828 2952  40  45  38
1829 2973  44  46  38
1826 2988  46  46  38
1820 2999  47  46  38
1811 3003  48  46  38
1798 3006  48  46  38
1782 3004  48  46  38
1764 2997  48  46  38
1741 2989  46  46  38
1718 2981  47  45  40
1700 2968  48  45  40
1685 2956  48  46  40
1677 2939  48  46  41
1673 2919  48  47  41
1674 2901  48  47  39
1678 2879  48  47  39
1685 2863  46  47  38
1697 2849  42  46  38
1712 2837  41  45  38
1729 2827  40  45  38
1743 2822  39  45  38
1753 2812  39  43  38
1758 2799  39  43  38
1760 2786  41  42  38
1758 2768  43  42  38
1754 2747  46  43  38
1750 2724  47  43  38
1746 2701  48  43  38
1744 2682  48  44  38
1745 2664  46  44  38
1747 2653  47  44  36
1753 2643  45  44  36
1763 2638  45  44  35
1775 2641  44  44  36
1785 2651  44  44  36
1801 2662  44  46  36
1819 2682  44  46  36
1835 2701  44  45  37
1858 2725  44  45  37
1883 2750  44  45  37
1907 2775  44  45  37
1927 2798  44  45  39
1944 2821  44  45  39
1957 2840  44  45  39
1966 2859  44  45  39
1969 2870  46  42  39
1970 2874  47  42  40
1966 2877  48  42  40
1959 2873  48  42  38
1951 2864  48  42  38
1942 2856  48  42  36
1934 2844  48  42  36
1929 2834  48  42  36
1929 2825  48  43  36
1932 2814  48  43  36
1938 2809  48  43  36
1948 2808  48  43  36
1960 2808  49  41  36
1975 2813  49  43  36
1993 2816  49  43  36
2012 2820  49  43  36
2029 2823  49  43  36
2043 2824  46  44  36
2053 2821  45  44  36
2056 2814  44  44  36
2055 2801  44  46  37
2048 2788  44  46  36
2039 2771  44  46  36
2027 2753  44  46  37
2016 2735  44  45  37
2006 2718  44  45  38
2000 2704  44  45  38
1996 2696  46  45  37
1993 2691  45  44  37
1993 2692  42  44  36
1997 2694  40  44  37
2003 2705  40  44  37
2014 2722  39  45  37
2027 2741  39  45  35
2044 2759  39  43  35
2062 2783  39  43  35
2079 2807  39  43  35
2097 2837  39  43  38
2114 2869  39  41  38
2129 2899  39  41  40
2140 2923  39  43  40
2147 2935  39  43  39
2148 2945  39  44  39
2144 2948  39  44  40
2137 2946  41  44  40
2129 2941  43  44  41
2121 2934  43  44  41
2115 2923  43  44  42
2112 2913  44  44  40
2110 2906  41  44  40
2114 2899  40  44  40
2118 2895  39  43  40
2130 2893  39  44  40
2145 2893  39  44  40
2165 2896  39  43  40
2188 2899  39  43  39
2211 2900  39  41  39
2231 2899  39  41  39
2246 2897  39  41  39
2256 2889  39  41  40
2261 2876  39  41  39
2261 2860  41  41  39
2255 2842  43  41  39
2248 2822  43  41  39
2239 2805  46  41  39
2228 2793  47  41  39
2222 2782  48  41  39
2218 2775  48  41  38
2218 2770  48  41  37
2223 2767  48  41  37
2233 2769  48  41  37
2251 2778  46  41  37
2274 2794  42  41  37
2303 2809  41  39  37
2338 2832  40  39  37
2370 2859  39  39  37
2398 2887  39  39  37
2421 2909  39  40  39
2438 2925  39  40  39
2447 2934  39  40  40
2451 2939  41  41  40
2450 2941  45  41  41
2443 2937  47  41  41
2432 2930  48  41  40
2415 2913  48  41  40
2394 2895  48  42  42
2367 2876  48  42  42
2339 2856  48  42  40
2313 2840  48  43  40
2297 2829  48  43  40
2289 2821  46  41  40
2290 2820  42  41  40
2302 2826  38  41  40
2325 2840  34  40  41
2358 2861  31  40  41
2392 2889  30  40  42
2425 2915  30  41  42
2454 2936  34  41  41
2475 2949  41  40  41
2487 2957  47  40  41
2489 2961  53  39  41
2477 2958  56  39  41
2453 2948  57  39  41
2419 2928  58  41  40
2372 2902  58  41  40
2313 2868  56  41  39
2245 2834  55  44  39
2168 2802  54  42  40
2085 2766  54  42  40
2001 2725  54  42  40
1914 2683  54  45  41
1835 2641  54  45  40
1759 2608  54  47  40
1698 2581  54  47  41
1652 2560  54  44  41
1620 2544  54  44  41
1604 2534  54  44  41
1607 2533  54  44  41
1624 2538  54  44  41
1655 2548  54  44  41
1704 2567  54  42  42
1766 2593  54  42  42
1844 2626  54  40  42
1932 2673  54  40  42
2030 2720  54  43  42
2138 2764  56  43  42
2245 2805  57  40  42
2340 2845  55  40  43
2426 2877  45  36  43
2493 2896  29  36  43
% 
