% .SEGMENT LETTER ? ? "0"
% 
% .PEN_DOWN
1812 2946  11  40  41
1812 2948  12  40  39
1811 2952  16  40  39
1811 2956  20  40  39
1810 2960  22  40  38
1809 2964  25  40  38
1806 2970  30  40  39
1801 2972  34  40  39
1794 2977  36  40  39
1784 2977  38  43  40
1770 2974  38  43  40
1752 2967  38  44  40
1731 2958  39  44  40
1711 2942  39  44  40
1693 2923  39  47  42
1679 2900  39  47  42
1669 2876  39  47  41
1663 2852  39  47  41
1662 2829  39  47  41
1664 2810  39  47  41
1671 2793  36  47  41
1682 2783  35  47  41
1698 2780  34  47  41
1717 2780  34  47  41
1734 2784  34  47  41
1751 2789  34  46  41
1767 2798  34  46  41
1778 2802  34  46  41
1787 2806  34  46  41
1792 2812  34  46  41
1794 2814  34  46  41
1795 2810  34  46  41
1793 2800  36  46  41
1788 2782  38  46  41
1784 2756  38  43  39
1779 2722  41  44  39
1775 2684  40  44  38
1773 2649  39  43  38
1773 2617  42  43  38
1774 2590  43  43  38
1777 2567  41  43  38
1780 2550  42  43  38
1779 2538  45  43  36
1779 2527  47  43  36
1779 2519  50  43  35
1777 2515  52  43  35
1776 2514  53  43  35
1774 2514  53  45  35
1771 2522  53  45  35
1770 2533  53  45  35
1771 2551  53  45  35
1773 2575  53  46  36
1777 2602  53  46  35
1786 2640  51  46  35
1794 2688  50  46  36
1804 2732  49  46  36
1814 2778  49  45  36
1823 2819  49  45  36
1831 2863  49  45  39
1838 2901  49  44  39
1841 2932  49  44  40
1841 2952  51  46  40
1838 2964  52  46  40
1830 2969  53  45  40
1818 2967  53  45  41
1802 2956  53  45  41
1782 2941  53  46  41
1756 2920  53  46  41
1731 2897  53  46  39
1712 2873  53  45  39
1698 2853  53  44  38
1689 2840  53  44  38
1687 2830  53  44  38
1691 2822  54  44  38
1701 2819  54  44  38
1717 2819  51  45  38
1737 2826  50  45  38
1756 2835  49  44  38
1775 2844  49  44  38
1792 2852  49  44  38
1801 2857  49  44  37
1807 2854  49  44  37
1808 2847  49  44  38
1802 2830  49  44  38
1792 2807  49  45  38
1777 2784  49  45  38
1757 2755  49  45  38
1740 2724  51  44  38
1725 2694  52  44  37
1717 2668  53  44  37
1715 2645  53  44  36
1718 2629  53  43  36
1727 2620  53  43  36
1743 2617  51  42  37
1761 2621  50  42  37
1779 2636  49  42  37
1798 2655  51  42  39
1818 2675  50  45  38
1839 2697  49  45  38
1859 2719  49  44  38
1878 2742  49  44  38
1895 2762  49  45  38
1908 2783  49  45  38
1917 2800  49  43  38
1923 2809  49  43  38
1925 2817  51  43  38
1923 2818  52  43  38
1918 2816  53  44  38
1910 2808  53  44  38
1897 2796  56  44  38
1884 2780  55  44  39
1873 2762  54  44  39
1865 2746  54  44  39
1865 2731  54  45  39
1869 2718  54  45  39
1878 2711  54  46  39
1894 2708  54  46  39
1913 2707  54  46  39
1933 2716  54  46  40
1951 2724  54  46  40
1970 2733  54  46  39
1987 2740  54  46  39
2001 2743  54  46  38
2009 2745  54  44  38
2013 2743  54  44  38
2009 2736  56  42  38
2001 2723  55  42  38
1991 2709  57  41  39
1977 2692  55  41  39
1963 2674  57  41  39
1952 2657  58  41  38
1942 2645  58  41  38
1934 2639  58  41  38
1933 2634  58  41  38
1932 2633  56  41  38
1937 2636  57  41  38
1944 2644  55  41  38
1953 2658  57  41  38
1968 2677  55  41  38
1986 2700  54  41  38
2007 2721  54  42  40
2029 2745  54  42  40
2049 2767  54  42  40
2068 2786  54  42  40
2082 2797  54  42  40
2091 2807  54  42  40
2096 2815  51  42  40
2097 2818  50  42  40
2092 2814  49  42  40
2083 2808  49  42  40
2072 2797  49  43  40
2062 2787  49  43  40
2053 2777  49  43  38
2048 2769  49  43  40
2050 2762  49  43  39
2056 2758  49  43  39
2066 2757  49  43  40
2079 2763  49  43  40
2093 2770  49  43  40
2107 2779  51  43  40
2121 2789  52  43  40
2131 2794  53  44  40
2135 2797  53  44  40
2136 2798  53  44  40
2131 2794  53  44  40
2121 2786  53  44  40
2111 2772  53  44  38
2099 2761  53  44  38
2093 2751  53  44  38
2090 2746  53  44  38
2092 2744  56  44  38
2100 2749  55  44  38
2113 2760  54  44  37
2132 2772  54  44  37
2157 2790  54  44  37
2187 2806  54  43  37
2215 2825  54  43  39
2239 2844  51  43  38
2256 2855  52  43  38
2264 2860  50  43  38
2267 2859  49  43  39
2260 2848  51  43  39
2247 2833  52  44  39
2230 2816  53  44  39
2213 2800  53  44  39
2200 2789  53  41  39
2198 2782  53  41  39
2207 2781  53  41  39
2228 2789  56  41  39
2258 2804  55  41  39
2299 2825  54  41  41
2350 2857  51  41  41
2400 2892  50  39  41
2452 2925  49  39  41
2496 2952  49  39  41
2530 2970  49  39  41
2554 2980  49  39  41
2567 2986  51  39  41
2574 2986  52  39  41
2579 2986  53  37  41
2584 2980  51  37  41
2592 2978  52  37  41
2608 2979  50  37  38
2637 2986  49  37  38
2672 2997  49  39  38
2715 3014  49  39  38
2762 3031  49  39  38
2808 3049  46  39  37
2843 3066  45  39  37
2863 3071  42  39  37
2869 3072  40  39  37
2861 3063  42  39  37
2835 3045  43  39  37
2790 3026  46  40  37
2739 2999  47  41  39
2675 2969  50  41  39
2607 2931  52  41  37
2528 2891  53  39  37
2443 2847  53  39  37
2352 2806  53  39  38
2247 2759  53  39  38
2139 2704  53  41  38
2034 2649  53  41  38
1926 2596  56  43  37
1828 2541  57  43  37
1747 2492  58  43  37
1692 2452  58  42  37
1661 2427  58  43  37
1652 2416  58  43  37
1666 2417  58  42  37
1708 2439  58  42  37
1768 2482  58  41  37
1850 2536  58  41  37
1950 2595  58  39  37
2052 2657  58  39  39
2158 2715  59  39  39
2255 2762  59  39  39
2338 2798  56  39  39
2400 2820  47  39  41
2445 2831  31  37  41
% 
