% .SEGMENT LETTER ? ? "0"
% 
% .PEN_DOWN
1771 2971  11  45  42
1772 2975  12  45  42
1771 2981  18  45  42
1771 2985  24  45  42
1771 2991  26  43  42
1768 2997  30  43  42
1764 3004  34  42  42
1757 3007  37  43  42
1748 3011  38  43  42
1735 3011  38  43  42
1720 3011  38  44  42
1702 3007  41  44  42
1685 2999  40  44  42
1670 2990  39  44  42
1652 2974  39  44  42
1634 2956  39  45  41
1621 2935  41  45  41
1609 2910  40  45  40
1604 2888  39  44  40
1604 2866  39  44  40
1608 2844  39  45  40
1614 2825  39  45  40
1622 2811  39  43  40
1634 2798  39  43  40
1646 2793  36  43  40
1658 2792  35  45  40
1670 2795  34  45  40
1684 2801  34  45  40
1697 2810  36  45  40
1709 2820  38  45  40
1719 2832  38  45  40
1726 2845  38  45  39
1731 2857  39  44  39
1733 2869  41  44  40
1730 2876  45  45  38
1728 2880  47  45  38
1723 2880  48  44  38
1718 2873  48  44  39
1714 2858  48  44  38
1710 2838  48  44  38
1710 2813  48  45  38
1712 2787  48  44  38
1716 2757  51  45  38
1721 2723  50  45  38
1727 2692  52  44  38
1734 2664  53  44  38
1738 2640  53  44  38
1741 2621  53  44  38
1742 2609  51  44  38
1742 2600  50  44  38
1738 2592  52  44  38
1734 2590  50  45  38
1727 2589  49  45  38
1718 2590  49  45  38
1708 2595  49  45  38
1698 2602  49  45  38
1689 2617  49  45  38
1682 2638  49  45  38
1678 2670  46  46  38
1677 2711  45  46  38
1682 2753  42  46  38
1692 2798  40  46  38
1709 2844  40  46  38
1730 2891  39  46  39
1750 2931  39  45  40
1767 2966  39  45  40
1781 2995  41  45  40
1790 3017  43  45  40
1796 3037  43  45  40
1798 3048  46  45  39
1794 3057  47  45  39
1788 3064  50  45  39
1774 3063  52  45  39
1755 3056  53  45  40
1729 3043  53  46  40
1704 3023  51  46  39
1679 3005  52  46  39
1659 2985  53  46  39
1641 2961  53  46  39
1627 2941  51  46  41
1618 2921  52  45  41
1615 2906  50  45  38
1616 2891  49  45  41
1622 2880  49  45  41
1630 2871  49  45  41
1643 2868  44  45  39
1658 2868  44  45  39
1673 2869  41  45  39
1687 2869  40  46  39
1698 2866  39  46  40
1705 2858  39  45  40
1704 2845  39  45  38
1697 2826  39  45  38
1686 2801  39  45  38
1671 2776  39  46  38
1654 2746  41  46  38
1639 2716  45  46  39
1627 2688  47  46  39
1620 2667  48  44  39
1618 2654  48  44  38
1627 2645  48  43  38
1639 2645  48  43  38
1656 2652  48  43  38
1680 2670  48  43  37
1709 2690  48  44  37
1737 2717  48  44  38
1766 2741  48  43  38
1789 2763  48  43  38
1809 2785  49  43  38
1826 2803  49  43  38
1839 2818  49  44  38
1846 2831  51  44  38
1848 2841  52  42  38
1845 2847  53  42  38
1838 2846  53  42  38
1829 2841  53  43  40
1819 2831  53  43  40
1809 2822  51  43  40
1801 2809  52  43  40
1799 2798  53  43  40
1802 2790  51  43  40
1807 2783  50  43  40
1818 2779  49  43  40
1834 2777  49  43  40
1855 2776  49  45  40
1880 2775  49  45  40
1902 2774  49  44  40
1921 2774  49  44  40
1933 2772  49  44  40
1941 2769  49  44  38
1945 2762  49  44  38
1943 2752  51  44  40
1935 2741  50  44  40
1924 2726  52  44  39
1910 2713  53  44  39
1899 2704  53  44  39
1891 2697  53  46  39
1888 2694  53  46  39
1888 2694  53  45  39
1892 2699  51  44  37
1900 2708  50  44  37
1911 2723  49  44  38
1927 2742  49  41  38
1944 2761  49  41  37
1961 2784  46  41  37
1981 2805  45  41  37
2001 2834  44  41  37
2022 2863  44  41  39
2037 2887  44  40  39
2045 2905  44  40  41
2044 2918  44  40  41
2036 2923  44  40  41
2022 2918  44  40  41
2005 2907  44  40  42
1989 2893  46  42  39
1977 2878  47  42  39
1967 2862  46  42  39
1962 2851  47  42  38
1960 2838  48  42  38
1966 2830  46  42  38
1977 2827  47  43  38
1993 2829  48  43  38
2013 2835  46  42  38
2038 2843  45  42  38
2061 2854  44  42  38
2079 2860  44  42  39
2093 2870  44  42  39
2100 2870  44  42  42
2100 2862  44  42  42
2094 2851  44  42  42
2084 2835  44  42  42
2070 2818  44  42  42
2054 2803  46  41  42
2042 2790  47  41  42
2035 2782  48  41  42
2032 2777  48  41  42
2037 2777  48  42  42
2049 2781  48  41  42
2067 2789  48  41  42
2086 2803  48  41  42
2110 2820  48  41  38
2137 2840  48  41  40
2164 2862  48  41  40
2190 2879  48  41  38
2207 2893  49  40  38
2215 2898  49  41  39
2216 2900  49  41  39
2207 2897  49  41  40
2190 2888  49  42  40
2170 2871  51  42  38
2149 2855  52  42  38
2134 2841  53  42  38
2127 2830  53  42  38
2127 2825  53  42  38
2138 2827  53  43  38
2167 2834  51  43  38
2209 2852  50  41  38
2257 2883  47  39  40
2318 2917  43  39  40
2382 2950  41  39  41
2450 2983  40  40  41
2515 3015  39  40  41
2576 3043  39  40  41
2633 3071  39  40  41
2679 3090  41  39  41
2716 3106  40  39  40
2744 3120  42  40  40
2768 3127  43  40  41
2781 3129  43  40  41
2788 3131  44  40  41
2782 3127  44  40  41
2766 3123  44  40  40
2738 3110  44  41  40
2695 3091  41  41  40
2634 3068  40  39  40
2553 3038  39  39  39
2466 3003  39  39  39
2366 2966  39  39  42
2254 2915  41  39  40
2143 2866  45  39  40
2043 2817  49  40  40
1945 2774  54  40  40
1861 2729  56  41  39
1791 2689  55  41  40
1733 2656  57  44  40
1692 2633  55  44  39
1670 2618  54  44  39
1661 2609  54  44  39
1667 2608  54  44  39
1688 2615  54  45  39
1728 2635  51  45  39
1778 2665  50  45  40
1847 2706  49  45  40
1928 2750  51  45  40
2019 2796  52  43  41
2117 2842  53  43  41
2205 2883  53  39  41
2287 2914  53  39  43
2348 2931  53  38  43
2388 2940  44  38  42
2409 2935  24  38  42
% 
