% .SEGMENT LETTER ? ? "0"
% 
% .PEN_DOWN
1792 2933   6  39  44
1792 2938   7  39  44
1793 2944  11  39  44
1793 2950  15  39  44
1792 2958  19  39  44
1792 2964  19  39  44
1788 2971  22  39  44
1781 2977  23  39  44
1772 2982  26  39  44
1756 2986  25  42  44
1737 2986  27  42  44
1716 2983  28  44  44
1693 2974  28  44  44
1674 2961  29  44  44
1659 2945  29  44  44
1648 2927  29  44  44
1640 2905  26  44  43
1634 2878  28  44  44
1634 2851  28  44  44
1636 2827  29  44  44
1640 2808  26  44  44
1650 2794  25  44  44
1661 2785  25  44  44
1674 2780  24  46  44
1688 2782  24  46  44
1704 2787  24  45  44
1717 2793  24  44  44
1728 2800  27  44  44
1736 2809  28  44  44
1741 2818  31  44  40
1745 2827  32  44  43
1746 2837  33  44  43
1746 2845  33  44  40
1746 2851  34  44  40
1745 2853  36  42  40
1743 2854  35  42  40
1742 2853  34  42  41
1739 2845  34  43  41
1737 2829  34  43  41
1739 2807  34  43  41
1742 2786  34  43  41
1750 2759  34  42  41
1759 2727  34  42  39
1771 2692  34  42  39
1783 2660  34  42  38
1794 2632  34  42  38
1802 2610  31  42  38
1807 2594  33  42  38
1809 2581  33  42  38
1808 2565  31  42  38
1804 2554  32  42  40
1795 2542  33  42  40
1787 2530  36  42  39
1771 2523  37  42  39
1756 2520  38  42  39
1743 2523  38  41  39
1729 2529  39  41  39
1715 2543  36  42  39
1704 2561  33  42  40
1696 2582  31  44  40
1693 2604  30  44  40
1695 2632  29  42  40
1701 2663  29  45  38
1713 2701  29  42  38
1729 2737  29  42  40
1747 2771  29  45  40
1765 2802  29  45  40
1783 2840  29  45  42
1799 2874  29  45  42
1812 2908  29  45  42
1820 2934  29  45  42
1824 2953  29  45  42
1823 2968  29  44  43
1818 2979  31  44  43
1809 2988  33  44  43
1795 2991  33  44  43
1779 2993  33  44  43
1760 2992  36  43  43
1744 2990  35  43  43
1730 2987  34  43  43
1724 2986  34  42  43
1722 2983  34  42  43
1725 2982  31  42  43
1736 2985  33  42  43
1749 2988  31  42  43
1763 2993  30  43  43
1778 2998  29  43  43
1787 3001  32  43  43
1791 3001  33  43  43
1791 3001  33  43  43
1784 2994  33  43  43
1769 2982  34  43  43
1746 2964  34  43  42
1719 2939  34  42  42
1691 2911  34  42  40
1668 2886  36  42  38
1651 2863  35  42  38
1639 2843  37  42  38
1627 2829  38  42  38
1621 2814  38  42  38
1617 2801  36  42  38
1617 2791  37  42  38
1619 2781  36  40  38
1621 2768  37  40  38
1625 2754  38  40  38
1631 2739  38  40  38
1637 2727  39  40  38
1644 2713  36  40  40
1653 2702  37  40  40
1664 2697  36  42  40
1678 2696  35  41  40
1696 2701  34  42  40
1717 2712  34  42  39
1741 2727  34  41  39
1764 2746  34  41  38
1785 2764  34  41  38
1803 2781  34  41  38
1816 2798  34  42  38
1824 2810  34  42  38
1828 2820  34  43  38
1829 2826  34  43  38
1828 2831  36  42  38
1824 2832  38  41  40
1820 2831  38  41  40
1818 2829  38  41  39
1817 2823  36  41  39
1819 2815  37  41  39
1823 2807  38  40  39
1831 2800  38  40  39
1839 2798  36  42  39
1851 2792  37  42  39
1862 2790  36  42  39
1871 2787  35  43  39
1879 2785  37  43  39
1886 2782  38  43  39
1892 2778  36  43  39
1897 2771  35  44  39
1898 2762  37  44  39
1895 2749  35  44  38
1891 2735  35  44  38
1886 2721  34  44  38
1880 2708  34  43  38
1876 2702  34  43  38
1872 2696  34  45  38
1868 2693  36  43  39
1864 2693  38  43  39
1858 2696  38  43  39
1851 2701  38  44  39
1843 2706  41  44  39
1838 2711  40  45  39
1836 2714  39  45  39
1835 2720  39  44  39
1839 2728  36  44  39
1848 2738  33  44  39
1864 2750  31  44  40
1885 2763  27  44  40
1908 2778  26  44  40
1930 2797  25  44  40
1951 2818  24  44  40
1970 2840  24  44  40
1985 2862  24  44  42
1993 2879  24  42  42
1997 2894  27  42  43
1993 2904  28  42  43
1984 2908  28  42  44
1970 2905  29  41  44
1955 2898  31  41  42
1940 2889  32  41  42
1929 2878  33  41  41
1922 2869  33  41  41
1920 2861  34  41  41
1923 2852  34  41  41
1929 2847  31  41  41
1940 2844  30  41  41
1955 2844  30  41  41
1974 2846  32  43  41
1995 2848  33  42  41
2017 2849  31  42  41
2035 2848  30  42  41
2049 2848  32  41  41
2056 2842  33  41  41
2058 2831  33  41  41
2055 2816  34  41  41
2047 2800  34  41  41
2036 2787  34  41  41
2026 2773  36  41  41
2018 2763  35  41  39
2014 2758  34  41  38
2012 2755  34  41  38
2014 2753  34  41  38
2016 2756  34  41  40
2024 2763  34  42  38
2037 2772  34  42  38
2054 2787  34  41  38
2073 2800  34  41  38
2092 2822  34  41  38
2112 2843  34  41  40
2133 2868  34  41  40
2151 2889  34  41  40
2164 2906  34  40  39
2170 2914  36  40  39
2171 2919  40  41  39
2165 2912  42  41  39
2153 2899  43  40  39
2138 2877  46  40  39
2127 2856  47  40  39
2116 2837  48  40  39
2113 2822  46  40  39
2116 2813  45  40  39
2125 2807  44  40  39
2143 2808  42  40  39
2172 2817  38  41  39
2207 2832  36  41  39
2240 2852  32  41  40
2274 2874  33  41  40
2305 2896  33  39  40
2327 2915  31  39  41
2340 2929  35  39  41
2340 2938  39  39  41
2332 2939  44  41  41
2313 2933  46  41  41
2293 2917  47  41  41
2273 2899  48  41  40
2257 2882  48  41  40
2251 2868  48  41  40
2254 2861  46  41  40
2265 2855  45  41  41
2288 2858  42  40  41
2323 2870  38  40  41
2364 2886  36  39  42
2407 2908  32  39  42
2456 2929  31  38  42
2503 2950  32  38  42
2542 2967  33  38  42
2577 2981  33  38  42
2605 2991  31  38  42
2624 2999  32  38  42
2634 3004  33  37  42
2638 3005  36  37  42
2635 3003  37  36  42
2621 2997  41  37  42
2599 2985  42  37  42
2565 2963  40  37  43
2517 2937  40  37  43
2460 2904  42  37  44
2389 2870  40  37  44
2312 2832  39  37  41
2224 2798  39  40  41
2133 2759  39  40  41
2044 2719  41  42  40
1957 2678  45  42  40
1883 2643  49  42  40
1827 2611  49  42  40
1791 2591  49  42  40
1770 2579  46  41  40
1763 2569  40  41  40
1769 2568  37  41  38
1787 2575  38  41  38
1819 2587  36  41  38
1869 2610  37  39  38
1928 2645  36  39  38
2003 2686  37  40  38
2088 2727  38  40  40
2177 2764  41  38  40
2268 2797  45  38  40
2350 2824  47  36  40
2426 2844  48  34  39
2486 2857  51  34  39
2525 2863  52  34  40
2544 2864  50  34  40
2547 2854  45  34  40
2532 2837  24  34  40
% 
