% .SEGMENT LETTER ? ? "0"
% 
% .PEN_DOWN
1852 2984   2  46  41
1851 2984   3  45  41
1851 2984   4  45  41
1851 2984   4  46  41
1849 2985   7  46  41
1849 2985   8  45  41
1847 2987   9  45  39
1844 2986   9  46  38
1841 2987   9  46  38
1838 2987   9  47  38
1835 2988   9  47  40
1832 2989   9  47  40
1829 2989  12  47  39
1824 2990  13  47  39
1821 2988  14  47  38
1818 2987  11  47  38
1812 2986  10  47  40
1807 2984  10  47  41
1801 2980  10  47  41
1795 2976   9  47  41
1788 2969   9  47  39
1782 2960   9  46  39
1774 2950   9  46  39
1766 2936   9  46  39
1759 2922   9  46  37
1752 2909   9  46  37
1747 2892   9  46  37
1743 2874   9  48  36
1741 2858   9  48  36
1739 2842  12  49  36
1738 2825  13  49  36
1739 2810  14  49  36
1741 2795  14  48  34
1747 2781  14  48  34
1753 2769  14  48  34
1761 2758  17  47  34
1769 2751  18  47  34
1778 2747  18  47  34
1787 2745  16  47  34
1795 2746  18  47  34
1804 2746  18  47  34
1810 2751  19  47  34
1817 2758  19  47  34
1823 2766  19  46  34
1829 2774  17  46  33
1833 2783  15  46  33
1836 2794  15  47  33
1838 2803  15  47  33
1840 2811  14  47  33
1842 2817  14  47  33
1843 2824  17  47  33
1844 2826  18  47  33
1844 2829  18  47  33
1844 2830  19  47  33
1844 2831  16  47  33
1844 2831  15  47  33
1846 2829  17  47  33
1848 2825  18  45  33
1854 2818  19  47  33
1859 2810  19  45  33
1866 2800  19  45  33
1875 2788  19  47  33
1885 2772  19  47  36
1894 2753  19  47  36
1903 2735  19  47  35
1910 2716  19  46  34
1916 2694  19  46  34
1920 2673  19  44  34
1922 2655  19  44  32
1922 2639  19  43  32
1921 2626  19  44  32
1918 2616  19  44  32
1912 2605  22  44  32
1904 2597  20  44  32
1895 2588  22  44  32
1885 2586  23  45  32
1875 2584  21  45  32
1864 2583  20  46  32
1854 2588  20  46  32
1846 2597  19  45  32
1839 2606  19  45  32
1834 2619  19  46  32
1833 2641  17  47  33
1833 2670  15  46  33
1836 2702  15  46  34
1840 2738  15  47  34
1846 2770  14  47  34
1855 2801  14  46  34
1863 2831  14  46  36
1870 2862  14  46  37
1877 2892  17  46  37
1883 2921  18  44  37
1889 2943  18  44  37
1893 2961  19  44  37
1896 2976  19  43  37
1898 2988  19  43  37
1898 2999  19  43  37
1899 3008  19  43  37
1899 3015  21  43  37
1896 3023  20  43  37
1891 3029  22  43  37
1884 3032  21  43  37
1873 3034  22  43  37
1860 3031  23  43  37
1846 3026  24  43  37
1833 3016  24  43  37
1820 3006  24  43  37
1809 2993  24  43  35
1799 2980  24  43  35
1792 2966  24  43  35
1787 2951  24  43  37
1785 2934  24  43  37
1786 2918  24  43  35
1788 2899  24  43  35
1793 2886  24  43  36
1800 2876  22  43  36
1806 2867  20  43  37
1813 2860  20  43  37
1820 2857  19  43  37
1827 2853  19  45  37
1833 2850  19  45  36
1837 2847  19  46  36
1838 2841  19  47  36
1837 2832  19  47  36
1833 2820  19  47  36
1827 2804  19  47  36
1819 2791  19  47  37
1810 2774  19  47  37
1801 2755  19  47  36
1792 2735  19  47  36
1785 2717  19  47  36
1780 2702  19  44  36
1778 2686  19  44  36
1780 2672  22  45  36
1784 2662  23  45  35
1790 2656  23  45  35
1800 2653  21  44  35
1812 2655  20  44  35
1826 2661  22  44  34
1846 2671  23  45  34
1868 2687  21  43  35
1891 2704  20  43  35
1913 2725  20  43  35
1931 2746  19  43  35
1948 2767  22  43  35
1962 2784  20  43  35
1973 2802  20  43  35
1982 2817  19  43  35
1987 2831  19  43  35
1990 2841  19  43  35
1990 2848  19  43  36
1989 2852  19  43  36
1986 2854  22  43  37
1983 2854  23  43  37
1982 2853  23  43  38
1981 2852  24  45  38
1981 2846  21  45  36
1980 2839  23  46  36
1981 2831  21  44  36
1981 2824  22  44  36
1980 2813  23  44  36
1980 2803  24  46  36
1980 2794  24  46  34
1980 2783  24  46  34
1980 2774  24  46  34
1982 2764  24  44  34
1983 2756  24  44  34
1984 2751  24  44  34
1985 2746  26  43  34
1986 2743  25  43  34
1987 2741  25  43  34
1989 2742  24  43  34
1993 2746  24  43  34
1997 2752  24  43  34
2004 2759  24  43  36
2012 2770  24  44  36
2019 2780  24  44  36
2027 2791  24  43  36
2032 2802  24  43  36
2036 2811  24  43  36
2040 2818  24  43  36
2041 2825  24  43  37
2041 2831  24  43  36
2041 2836  24  44  36
2041 2839  27  44  37
2040 2841  25  45  37
2038 2840  27  45  36
2034 2839  26  45  36
2032 2834  25  45  36
2029 2829  24  45  36
2029 2823  27  45  36
2028 2813  25  45  36
2032 2806  25  45  36
2036 2801  24  44  36
2042 2798  24  44  36
2053 2795  24  44  36
2065 2799  24  44  36
2081 2806  24  44  36
2100 2818  24  44  36
2117 2833  24  44  36
2136 2851  24  44  37
2152 2870  24  44  37
2165 2884  24  44  36
2172 2895  24  43  36
2175 2903  27  43  36
2168 2905  28  44  36
2158 2900  28  44  36
2143 2889  29  44  36
2127 2873  29  44  35
2111 2854  29  44  35
2096 2836  29  46  35
2083 2821  29  46  35
2079 2817  29  46  35
2080 2811  29  44  35
2087 2810  29  44  35
2099 2815  26  44  35
2116 2823  25  44  35
2139 2837  25  46  35
2165 2856  24  45  36
2192 2876  24  45  36
2216 2895  24  45  36
2235 2909  24  45  36
2246 2918  27  45  37
2252 2921  28  45  37
2249 2920  28  45  37
2242 2912  29  45  37
2229 2896  29  45  35
2213 2878  31  44  35
2198 2861  33  43  36
2188 2850  33  43  36
2183 2844  33  43  36
2188 2840  34  43  36
2202 2840  31  43  35
2222 2847  28  41  34
2248 2863  23  41  34
2278 2885  19  41  34
2313 2911  14  41  37
2350 2937  12  40  37
2384 2961  10  40  39
2409 2980  10  40  39
2429 2991  12  40  39
2440 2998  16  42  40
2444 3000  20  42  39
2440 2999  22  43  39
2431 2993  23  43  40
2415 2980  26  43  37
2395 2966  30  43  39
2370 2944  34  44  39
2347 2924  37  44  37
2332 2909  38  44  37
2324 2897  38  44  35
2324 2893  34  45  35
2333 2893  29  41  38
2354 2902  24  41  38
2381 2920  17  41  38
2415 2943  13  41  38
2456 2969  11  36  38
2503 2995  10  36  38
2548 3024  10  36  37
2595 3052  12  38  35
2641 3081  15  38  36
2679 3104  20  38  36
2709 3123  22  38  35
2732 3135  25  39  35
2744 3141  27  42  37
2750 3144  28  42  37
2749 3140  29  42  38
2740 3130  29  42  37
2722 3112  29  42  37
2694 3090  29  41  37
2651 3063  29  41  37
2600 3033  29  40  37
2537 2999  26  41  37
2466 2953  25  41  37
2387 2904  27  41  36
2309 2852  30  44  36
2227 2804  35  44  37
2156 2752  39  43  35
2090 2704  41  43  35
2038 2663  43  43  35
2002 2631  43  43  35
1980 2613  43  43  35
1974 2600  44  42  35
1981 2598  41  42  35
2009 2610  35  42  35
2056 2635  27  42  35
2118 2677  13  42  37
% 
