% .SEGMENT LETTER ? ? "0"
% 
% .PEN_DOWN
1854 2967   2  47  38
1853 2967   6  46  38
1854 2968   7  45  38
1853 2970   8  45  38
1852 2971   9  45  38
1851 2973   9  44  38
1851 2973   9  44  37
1850 2974   9  44  37
1850 2976   9  44  37
1848 2979   9  44  37
1847 2981   9  44  37
1845 2983  12  44  38
1842 2986  13  44  39
1838 2987  14  45  39
1835 2988  14  45  38
1832 2988  14  46  38
1827 2989  14  46  40
1821 2987  12  46  41
1816 2985  13  46  41
1810 2982  11  46  41
1804 2977  10  46  39
1797 2970  10  46  41
1789 2960   9  46  41
1780 2949   9  46  41
1770 2934   9  46  42
1761 2916  12  47  42
1753 2897  13  47  39
1747 2880  14  47  39
1745 2863  14  47  38
1745 2846  14  48  38
1749 2833  17  48  38
1752 2820  15  48  38
1759 2812  15  48  38
1766 2807  17  46  38
1773 2804  16  46  38
1782 2802  17  46  38
1790 2805  16  46  38
1797 2808  17  46  38
1804 2814  18  46  38
1811 2817  19  46  38
1816 2823  19  46  38
1821 2830  19  46  38
1825 2840  17  46  38
1827 2848  18  46  38
1830 2856  18  46  38
1832 2867  16  47  38
1833 2878  15  47  37
1834 2888  15  47  37
1835 2895  15  47  37
1835 2899  14  47  37
1835 2900  14  47  36
1836 2899  14  47  36
1836 2898  14  47  38
1835 2894  14  47  37
1835 2885  14  47  37
1837 2871  14  46  37
1838 2855  14  47  37
1841 2839  14  47  37
1845 2825  14  47  37
1850 2812  14  47  37
1856 2797  14  47  37
1864 2782  14  46  37
1872 2764  14  46  37
1879 2747  14  47  37
1887 2728  17  47  36
1894 2710  15  45  36
1898 2693  17  45  36
1901 2676  18  45  36
1903 2661  19  45  35
1903 2646  19  43  35
1902 2631  19  43  35
1899 2618  19  43  35
1895 2608  19  43  35
1891 2601  19  43  35
1887 2593  19  43  35
1882 2589  19  45  35
1877 2587  19  45  35
1872 2590  19  45  35
1865 2598  17  45  35
1860 2610  15  47  35
1855 2625  15  47  35
1853 2646  15  47  35
1852 2674  14  47  36
1852 2704  14  47  36
1855 2732  12  47  36
1858 2760  13  48  36
1865 2784  11  46  36
1873 2807  13  46  36
1880 2828  11  46  36
1887 2852  13  46  36
1893 2873  13  46  36
1896 2897  14  46  38
1901 2921  14  46  38
1903 2943  14  47  38
1901 2963  14  47  38
1897 2977  14  45  38
1890 2988  17  45  38
1881 2995  18  45  38
1869 2999  18  45  38
1857 2999  19  45  38
1844 3001  19  45  38
1833 3000  19  46  38
1824 2998  19  46  38
1814 2994  19  46  38
1807 2989  19  46  38
1801 2981  19  46  40
1795 2972  19  46  40
1789 2961  19  46  40
1785 2948  19  46  39
1781 2933  17  46  39
1779 2916  15  44  39
1779 2899  15  44  39
1781 2881  17  44  38
1786 2866  16  45  38
1792 2855  15  45  38
1800 2849  15  45  38
1809 2843  14  45  36
1815 2837  14  45  36
1823 2833  14  45  36
1828 2827  14  46  36
1831 2821  14  46  36
1831 2813  14  46  36
1829 2802  14  46  36
1824 2790  14  46  36
1817 2775  14  46  37
1810 2760  14  46  37
1804 2740  14  46  37
1799 2727  14  46  37
1796 2715  17  46  36
1797 2703  15  46  36
1800 2695  17  46  36
1805 2686  18  46  36
1814 2681  19  46  36
1822 2679  19  44  36
1834 2681  19  44  37
1847 2686  19  46  36
1866 2694  19  46  36
1885 2707  19  44  36
1904 2722  19  44  36
1922 2735  19  43  36
1937 2749  19  43  35
1949 2758  19  43  36
1957 2768  19  43  36
1961 2774  19  43  36
1964 2777  17  43  36
1965 2781  18  43  36
1965 2782  16  43  37
1966 2785  15  43  37
1966 2787  15  43  37
1967 2789  14  43  37
1969 2795  14  43  37
1973 2802  14  43  37
1978 2813  14  43  37
1985 2822  14  43  37
1993 2835  14  43  37
2001 2847  14  44  37
2007 2858  14  44  37
2008 2865  17  44  37
2007 2869  18  44  37
2003 2867  18  44  37
1997 2863  21  42  35
1991 2855  23  42  35
1985 2845  23  42  35
1981 2832  24  42  35
1979 2825  24  42  35
1979 2815  24  42  35
1981 2810  24  42  35
1986 2806  24  45  35
1992 2804  24  45  35
2000 2803  24  44  35
2008 2803  24  44  35
2019 2803  24  43  35
2029 2802  24  43  35
2038 2802  24  43  35
2044 2800  24  43  35
2048 2796  22  43  36
2049 2792  20  43  35
2052 2783  20  43  35
2054 2772  19  43  36
2054 2762  19  44  36
2052 2753  19  43  39
2051 2741  19  43  39
2050 2733  19  43  39
2050 2727  19  43  39
2049 2722  19  43  39
2054 2718  19  43  39
2061 2718  19  43  39
2069 2725  19  42  39
2082 2740  19  42  39
2098 2758  22  42  38
2116 2780  20  42  38
2137 2805  20  41  38
2159 2832  19  41  38
2180 2864  19  40  38
2197 2893  19  40  37
2209 2918  19  40  37
2215 2934  22  40  38
2215 2942  23  41  38
2208 2944  23  41  36
2196 2935  24  42  37
2180 2920  24  42  37
2166 2901  24  44  37
2154 2881  24  44  37
2145 2867  26  44  37
2140 2854  25  44  37
2139 2845  25  44  37
2142 2839  24  44  37
2150 2839  22  44  37
2164 2845  23  45  37
2181 2854  21  45  37
2202 2871  22  45  37
2222 2890  21  43  37
2241 2906  20  43  38
2258 2926  22  43  40
2272 2943  20  43  40
2280 2954  22  43  40
2284 2959  23  43  41
2284 2960  24  43  41
2282 2959  24  43  39
2277 2948  24  43  39
2269 2930  26  43  41
2262 2912  28  43  41
2255 2895  28  43  39
2251 2882  29  43  36
2249 2870  29  43  36
2252 2863  29  43  36
2256 2862  26  43  35
2264 2865  28  43  35
2276 2872  26  41  34
2291 2888  22  41  34
2312 2907  23  41  35
2335 2929  21  42  35
2357 2949  23  42  37
2375 2968  21  40  37
2388 2984  20  40  37
2395 2996  19  40  37
2396 3002  19  40  37
2390 3005  19  39  37
2381 3002  22  39  37
2368 2994  25  40  37
2353 2983  27  40  37
2339 2970  28  41  37
2329 2957  29  41  39
2324 2947  29  41  39
2324 2939  26  41  39
2330 2935  25  41  40
2341 2936  22  41  41
2359 2940  21  40  41
2379 2949  20  40  40
2400 2960  19  40  40
2423 2973  19  40  38
2447 2985  19  40  38
2471 2999  19  40  38
2494 3009  22  40  38
2515 3018  20  40  38
2534 3024  20  37  38
2550 3032  19  37  38
2565 3042  19  37  38
2579 3049  19  37  37
2592 3057  19  38  37
2606 3064  19  38  37
2622 3071  19  40  39
2641 3079  19  40  39
2660 3087  19  40  39
2679 3093  19  40  38
2697 3098  19  39  38
2710 3102  19  39  37
2719 3100  19  39  37
2721 3096  19  39  37
2715 3086  19  39  37
2700 3073  19  38  39
2671 3053  19  38  39
2634 3033  19  38  39
2590 3010  19  39  40
2534 2982  19  39  42
2475 2947  19  41  42
2404 2905  19  41  40
2331 2862  19  42  40
2254 2822  22  42  40
2172 2777  23  44  39
2088 2731  26  44  39
2011 2684  27  43  39
1942 2647  28  43  39
1882 2614  29  43  39
1839 2589  29  43  39
1808 2574  29  43  36
1793 2567  29  43  36
1789 2567  29  43  36
1798 2572  29  43  37
1820 2585  29  43  37
1858 2604  29  42  37
1909 2630  29  42  37
1967 2664  29  42  37
2037 2704  29  40  37
2114 2743  29  38  38
2195 2782  31  38  38
2278 2819  30  38  38
2356 2858  30  37  39
2429 2892  29  37  37
2492 2917  29  37  37
2539 2933  29  37  39
2572 2942  24  37  40
2590 2941  12  37  41
% 
