% .SEGMENT LETTER ? ? "0"
% 
% .PEN_DOWN
1569 2894   2  40  26
1570 2894   3  40  26
1571 2892   6  40  25
1572 2893  10  39  26
1571 2893  12  39  23
1571 2892  16  42  23
1571 2893  17  42  26
1573 2892  18  40  26
1573 2893  19  40  27
1572 2893  21  40  27
1573 2894  23  40  28
1574 2895  23  41  28
1575 2899  24  41  26
1575 2902  26  40  27
1575 2907  25  40  27
1575 2914  27  40  27
1572 2920  26  40  27
1571 2926  27  41  29
1569 2933  28  41  29
1567 2940  29  42  29
1562 2947  29  42  30
1557 2952  29  42  30
1552 2958  29  42  28
1548 2960  29  42  28
1543 2962  31  42  29
1537 2963  33  43  29
1531 2963  36  43  29
1527 2963  37  44  29
1522 2961  38  44  28
1519 2959  38  44  27
1515 2956  39  44  27
1511 2949  39  44  27
1508 2942  39  44  27
1504 2932  39  44  27
1500 2917  41  44  26
1499 2902  40  44  24
1495 2878  42  44  24
1495 2856  43  44  24
1493 2837  43  44  24
1493 2824  44  44  24
1494 2811  44  44  24
1494 2800  44  44  24
1496 2787  44  44  25
1501 2777  44  44  25
1504 2768  44  44  27
1508 2763  44  44  29
1513 2759  44  44  29
1519 2759  46  44  29
1526 2760  47  44  29
1533 2766  48  43  29
1540 2779  48  42  29
1548 2795  46  42  29
1557 2812  45  42  29
1565 2829  44  43  29
1571 2850  42  43  27
1576 2873  38  41  27
1580 2893  36  41  27
1581 2914  35  41  27
1581 2926  34  41  27
1582 2937  34  40  27
1582 2940  36  40  27
1580 2941  38  40  27
1576 2939  41  40  27
1575 2931  45  41  27
1571 2919  49  42  25
1568 2900  54  42  25
1565 2876  56  42  26
1565 2852  57  41  26
1566 2831  58  41  26
1566 2812  58  40  25
1568 2797  58  40  25
1572 2785  56  42  25
1579 2775  55  42  26
1586 2769  52  41  26
1594 2766  43  41  26
1606 2768  26  40  26
% 
% .PEN_UP
1616 2772   0  40  27
1624 2776   0  40  27
1630 2778   0  40  28
1635 2782   0  40  28
1639 2789   0  40  28
1650 2797   0  40  28
1658 2801   0  40  28
1669 2808   0  42  28
1681 2812   0  42  28
1698 2818   0  45  28
1709 2828   0  39  20
1723 2832   0  39  20
1731 2837   0  39  13
1736 2842   0  39  13
1740 2840   0  43  15
1742 2838   0  43  15
1742 2834   0  43  15
1741 2832   0  43  15
1735 2832   0  43  15
1727 2828   0  45  15
1723 2830   0  45  15
1718 2832   0  45  15
1713 2835   0  45  17
1709 2838   0  45  17
1704 2841   0  45  23
1701 2840   0  44  24
1699 2844   0  44  24
1698 2847   0  46  24
1696 2848   0  46  24
1695 2850   0  46  24
1694 2851   0  46  24
1694 2853   0  44  24
1696 2857   0  44  25
1695 2860   0  43  27
1694 2862   0  43  27
1697 2864   0  45  27
1699 2868   0  45  28
1700 2872   0  44  28
1699 2874   0  44  26
1699 2875   0  43  27
1699 2877   0  43  27
1701 2879   0  45  27
1703 2884   0  45  28
1704 2887   0  43  28
1706 2889   0  43  28
1707 2890   0  43  28
1707 2892   0  43  28
1708 2894   0  42  28
1708 2898   0  42  28
1709 2901   0  42  28
1711 2903   0  42  28
1710 2906   0  42  28
1710 2910   0  42  28
% 
% .PEN_DOWN
1711 2914   2  42  28
1711 2917   3  42  28
1711 2919   4  44  28
1711 2922   6  44  30
1711 2924  10  45  30
1711 2926  12  45  29
1712 2929  16  45  29
1712 2929  17  45  30
1712 2931  21  46  30
1712 2933  22  46  29
1711 2934  23  46  29
1711 2934  26  44  28
1711 2934  28  44  28
1712 2931  28  44  28
1712 2930  29  43  28
1713 2932  29  42  28
1712 2930  29  42  28
1713 2932  29  42  28
1715 2930  31  44  27
1716 2932  33  44  28
1717 2934  31  43  28
1717 2936  32  43  27
1717 2937  33  43  27
1718 2937  33  42  27
1719 2939  34  42  27
1719 2940  34  42  27
1719 2939  34  42  27
1720 2939  34  42  27
1720 2939  34  42  27
1718 2938  34  42  27
1719 2938  34  42  27
1719 2936  34  45  27
1715 2932  36  44  27
1713 2928  38  44  27
1710 2921  38  45  27
1706 2914  38  45  30
1704 2903  39  45  30
1702 2891  41  45  30
1700 2872  42  43  30
1697 2854  45  43  30
1696 2835  47  42  30
1697 2818  50  41  30
1700 2804  52  41  30
1703 2791  53  41  29
1710 2777  53  42  29
1718 2769  56  42  28
1726 2762  57  41  27
1737 2757  58  41  27
1748 2754  58  39  27
1759 2756  58  39  26
1770 2760  58  39  26
1781 2766  58  39  26
1789 2775  58  39  26
1797 2786  58  39  26
1804 2799  58  39  26
1809 2814  58  39  26
1814 2827  58  39  26
1817 2844  59  39  26
1817 2860  59  39  26
1817 2879  59  39  25
1816 2895  59  39  27
1813 2910  59  39  27
1809 2924  59  39  27
1805 2938  59  39  26
1802 2946  59  39  28
1799 2952  54  39  28
1795 2958  49  39  28
1793 2959  41  37  29
1789 2961  30  39  29
% 
% .PEN_UP
1786 2955   0  39  30
1783 2948   0  37  30
1780 2933   0  37  31
1780 2921   0  38  26
1779 2909   0  38  26
1781 2894   0  39  26
1785 2881   0  39  27
1791 2870   0  39  27
1797 2862   0  39  25
1804 2850   0  39  25
1811 2839   0  39  25
1817 2831   0  43  25
1823 2823   0  45  25
1829 2817   0  45  25
1831 2812   0  45  25
1835 2809   0  48  25
1836 2805   0  48  25
1836 2798   0  46  25
1835 2797   0  46  25
1833 2795   0  47  25
1829 2794   0  47  25
1826 2792   0  45  25
1824 2791   0  45  25
1821 2789   0  45  25
1820 2785   0  45  25
1816 2784   0  45  25
1815 2782   0  45  23
1813 2779   0  45  23
1811 2779   0  45  24
1811 2780   0  45  24
1809 2778   0  45  27
1810 2776   0  45  27
1810 2774   0  45  28
1808 2771   0  45  28
1807 2768   0  45  27
1808 2766   0  45  27
1809 2762   0  45  27
1809 2760   0  45  27
1811 2758   0  45  28
% 
% .PEN_DOWN
1813 2756   3  45  28
1815 2754   9  45  27
1817 2754  14  45  28
1820 2755  19  45  27
1823 2759  21  44  27
1826 2764  25  44  28
1831 2774  27  45  28
1835 2782  30  45  28
1841 2791  32  45  28
1845 2801  33  45  28
1848 2811  36  43  28
1850 2820  37  43  28
1851 2829  38  42  28
1851 2835  41  42  28
1850 2840  45  42  28
1847 2844  47  42  27
1842 2844  50  43  27
1837 2841  52  44  27
1832 2838  53  44  27
1825 2829  56  44  27
1821 2820  57  44  27
1817 2810  58  44  27
1814 2800  58  44  27
1816 2790  56  44  26
1817 2781  57  44  26
1820 2772  55  44  28
1824 2764  54  44  29
1831 2759  49  44  29
1841 2755  44  43  29
1849 2753  34  43  28
1859 2752  22  41  28
1869 2753  11  40  27
% 
% .PEN_UP
1877 2754   0  40  27
1883 2753   0  40  26
1889 2754   0  41  26
1891 2759   0  41  26
1893 2765   0  41  28
1894 2767   0  41  28
1896 2773   0  39  28
1895 2777   0  39  28
1894 2779   0  40  28
1893 2784   0  40  28
1890 2789   0  41  28
1888 2791   0  41  28
1885 2797   0  41  28
1884 2803   0  41  28
1882 2805   0  40  28
1881 2808   0  40  28
1878 2811   0  40  28
1877 2812   0  40  28
1876 2813   0  40  28
1875 2817   0  40  28
1873 2819   0  40  28
1872 2820   0  40  28
1871 2820   0  40  28
1869 2821   0  40  28
1870 2822   0  39  28
1870 2823   0  39  28
1869 2824   0  43  28
% 
% .PEN_DOWN
1869 2824   6  43  28
1867 2824   7  43  28
1867 2822  11  43  28
1870 2821  13  43  28
1871 2819  13  43  28
1874 2815  16  41  28
1875 2810  18  40  28
1877 2803  21  40  28
1881 2795  25  40  28
1882 2789  27  40  26
1883 2781  28  40  27
1883 2773  31  40  27
1885 2766  32  40  26
1885 2761  33  40  26
1886 2760  33  40  26
1886 2759  34  40  26
1887 2758  34  40  26
1886 2757  36  40  26
1885 2758  37  38  26
1885 2764  38  38  26
1885 2769  36  38  26
1885 2776  35  39  26
1886 2783  34  39  26
1889 2792  37  40  26
1891 2802  35  40  26
1892 2809  34  40  26
1895 2815  34  39  26
1896 2819  34  40  26
1900 2825  34  40  26
1903 2828  34  39  26
1906 2830  34  40  26
1908 2831  34  38  26
1909 2829  36  38  26
1910 2830  38  40  26
1909 2825  38  40  26
1910 2824  41  40  26
1910 2822  42  40  26
1909 2818  43  41  26
1907 2812  43  41  26
1906 2808  46  41  26
1902 2805  47  41  26
1898 2803  48  41  26
1895 2797  48  41  26
1894 2795  51  41  26
1892 2792  52  41  26
1892 2790  53  41  26
1893 2787  53  41  27
1894 2781  53  41  27
1895 2776  53  41  26
1897 2772  53  41  26
1901 2768  53  41  26
1904 2763  53  39  26
1907 2759  53  39  26
1912 2755  49  39  26
1916 2754  41  39  26
1918 2755  30  39  26
1921 2755  17  39  26
% 
% .PEN_UP
1924 2754   0  39  26
1925 2753   0  37  28
1924 2753   0  37  28
1925 2752   0  37  27
1925 2754   0  36  27
1929 2755   0  36  28
1932 2759   0  36  32
1936 2768   0  36  32
1944 2780   0  36  32
1954 2793   0  36  32
1966 2802   0  40  32
1973 2807   0  40  32
1982 2810   0  43  32
1994 2811   0  43  32
2000 2817   0  41  32
2011 2810   0  44  32
2022 2807   0  44  32
2029 2804   0  44  32
2037 2803   0  42  32
2041 2802   0  42  32
2044 2795   0  44  32
2047 2792   0  44  32
2046 2786   0  44  32
2043 2784   0  44  31
2040 2784   0  43  31
2033 2780   0  43  30
2028 2784   0  43  30
2019 2785   0  45  30
2009 2788   0  45  30
2001 2784   0  45  32
1994 2785   0  44  32
1985 2786   0  44  32
1977 2783   0  44  31
1972 2780   0  44  31
1968 2782   0  44  31
1964 2783   0  44  30
1963 2787   0  44  30
1962 2789   0  44  30
1962 2788   0  44  30
1961 2790   0  44  30
1961 2791   0  44  30
1961 2795   0  44  30
1962 2797   0  44  30
1963 2799   0  44  30
1963 2802   0  44  30
1963 2801   0  44  30
1963 2805   0  44  30
1966 2803   0  44  30
1966 2806   0  44  30
1968 2809   0  44  30
1968 2809   0  44  30
1970 2810   0  44  30
1971 2811   0  44  30
1973 2812   0  44  30
1974 2812   0  44  30
% 
% .PEN_DOWN
1974 2813   3  44  30
1973 2813   6  44  30
1972 2813  10  44  30
1972 2813  15  44  30
1972 2815  19  44  30
1971 2818  24  44  30
1968 2819  27  44  30
1967 2820  30  44  30
1964 2820  32  44  30
1960 2820  33  44  30
1956 2821  36  44  30
1953 2820  37  44  30
1951 2817  38  44  30
1947 2813  38  44  30
1944 2812  39  44  30
1943 2812  39  44  30
1943 2812  39  44  30
1944 2810  36  44  30
1948 2808  35  44  30
1956 2804  34  44  30
1964 2801  34  44  30
1971 2798  34  44  30
1981 2794  34  42  30
1988 2789  36  42  30
1993 2783  38  42  30
1997 2777  41  43  29
1999 2772  42  43  28
1998 2764  45  42  28
1996 2758  47  42  29
1991 2751  48  41  29
1985 2747  51  41  30
1978 2742  50  41  30
1971 2738  49  41  30
1965 2738  46  41  30
1957 2741  43  41  28
1953 2746  38  41  27
1950 2749  34  41  27
1948 2756  26  41  27
1948 2764  18  41  28
1950 2773   9  41  28
% 
% .PEN_UP
1954 2783   0  41  28
1959 2792   0  41  28
1963 2800   0  41  28
1969 2809   0  41  28
1972 2817   0  41  28
1979 2825   0  41  28
1986 2832   0  41  27
1993 2840   0  42  27
1997 2846   0  42  27
2002 2849   0  41  27
2003 2850   0  41  26
% 
% .PEN_DOWN
2005 2849  15  41  26
2006 2848  25  41  27
2008 2847  32  41  27
2007 2844  38  41  27
2009 2838  43  41  27
2011 2831  48  41  27
2013 2824  53  41  27
2012 2816  56  41  27
2011 2809  57  41  27
2010 2800  58  41  27
2008 2791  56  41  27
2006 2784  55  41  28
2006 2775  57  41  28
2008 2768  58  41  27
2009 2761  58  41  27
2012 2756  56  41  29
2016 2752  50  42  30
2020 2749  42  42  30
2026 2749  33  40  30
2031 2750  21  40  28
% 
% .PEN_UP
2037 2753   0  42  28
2042 2756   0  41  27
2045 2763   0  41  27
2048 2770   0  41  28
2052 2777   0  39  28
2055 2783   0  39  28
2057 2786   0  41  28
2054 2791   0  41  28
2049 2798   0  39  28
2045 2801   0  39  28
2039 2807   0  39  28
2033 2809   0  39  28
2025 2811   0  41  28
2019 2811   0  41  28
2013 2809   0  41  28
% 
% .PEN_DOWN
2008 2807  29  41  28
2003 2804  36  43  28
2001 2803  40  43  28
2002 2805  42  42  28
2005 2805  43  42  28
2011 2807  43  42  28
2017 2808  41  42  28
2025 2810  37  42  28
2032 2812  31  42  28
2040 2809  22  43  28
2048 2811  11  43  28
% 
% .PEN_UP
2053 2810   0  42  28
2057 2809   0  42  28
2059 2814   0  40  28
2061 2813   0  40  28
2063 2818   0  39  28
2065 2818   0  39  28
2067 2821   0  39  28
2067 2822   0  39  28
2069 2822   0  39  28
2069 2823   0  39  28
2068 2822   0  40  28
2067 2820   0  40  28
2067 2819   0  39  28
2066 2814   0  39  28
% 
% .PEN_DOWN
2063 2810  29  38  28
2062 2806  34  38  28
2063 2798  36  38  28
2064 2792  38  38  28
2066 2785  38  38  28
2069 2780  38  38  27
2069 2773  39  38  27
2069 2767  39  38  26
2069 2759  39  38  26
2068 2753  41  38  28
2068 2750  40  38  28
2068 2750  39  38  29
2067 2749  39  38  28
2067 2748  39  38  28
2067 2751  39  38  28
2067 2753  39  38  29
2069 2758  39  40  29
2070 2763  39  39  27
2072 2769  39  39  27
2073 2777  39  39  28
2074 2784  39  41  28
2075 2790  39  40  28
2078 2796  39  40  28
2082 2803  39  40  28
2085 2806  39  39  28
2089 2813  39  39  28
2092 2814  39  39  28
2096 2814  41  39  28
2100 2814  43  39  28
2102 2816  43  39  28
2103 2815  46  39  28
2104 2812  47  39  28
2104 2809  50  39  28
2104 2805  52  39  28
2099 2798  53  39  28
2095 2792  56  39  28
2091 2784  57  37  28
2087 2776  58  37  27
2082 2770  58  38  27
2078 2767  58  38  26
2074 2764  56  38  26
2072 2761  55  38  28
2072 2759  57  40  28
2073 2759  55  40  27
2076 2757  54  37  27
2082 2755  56  37  28
2088 2753  55  37  28
2095 2751  47  37  29
2101 2748  38  37  29
2108 2746  21  37  30
% 
% .PEN_UP
2115 2745   0  37  30
2120 2742   0  37  30
2121 2741   0  37  30
2124 2740   0  37  30
2126 2744   0  41  30
2131 2744   0  41  30
2137 2750   0  44  30
2145 2758   0  43  30
2151 2769   0  43  30
2155 2776   0  43  30
2160 2785   0  39  30
2162 2790   0  39  30
2164 2801   0  41  30
2168 2801   0  39  30
2171 2802   0  39  30
2174 2802   0  39  30
2175 2798   0  40  30
2175 2793   0  42  30
2176 2788   0  42  30
2173 2784   0  42  29
2171 2785   0  41  29
2168 2786   0  41  29
2166 2785   0  40  29
2163 2786   0  40  29
2163 2784   0  42  29
2161 2783   0  42  31
2160 2786   0  42  31
2159 2789   0  42  31
2159 2791   0  42  31
2159 2791   0  42  31
2159 2788   0  42  31
2159 2789   0  42  31
2160 2786   0  42  31
2160 2785   0  42  32
2161 2782   0  42  32
2162 2781   0  42  31
% 
% .PEN_DOWN
2163 2780   7  40  31
2165 2780  11  39  30
2169 2781  12  39  30
2173 2783  16  39  29
2175 2787  20  39  29
2177 2792  22  39  29
2178 2797  25  39  29
2179 2805  30  39  29
2179 2811  32  39  29
2177 2817  35  39  29
2176 2820  37  41  29
2173 2825  40  41  29
2169 2828  42  41  29
2164 2832  43  41  29
2157 2832  46  39  29
2151 2830  45  40  29
2145 2825  44  40  29
2139 2819  46  40  29
2135 2811  47  42  29
2130 2801  48  42  29
2128 2791  51  42  28
2126 2778  52  42  28
2126 2769  53  42  28
2128 2760  53  42  27
2130 2754  53  43  27
2135 2750  53  43  27
2142 2749  53  42  27
2149 2751  53  42  29
2155 2756  53  42  29
2161 2764  53  42  27
2169 2773  51  42  27
2174 2782  50  42  27
2180 2789  47  41  27
2183 2795  45  41  27
2186 2798  45  40  27
2186 2802  44  40  27
2186 2802  44  40  27
2187 2799  44  40  27
2187 2795  44  39  27
2186 2790  44  39  28
2186 2781  46  39  27
2186 2771  47  39  27
2187 2763  50  39  27
2189 2756  52  39  26
2190 2753  53  40  26
2195 2751  53  40  26
2198 2751  53  40  26
2204 2755  53  40  26
2209 2764  56  41  26
2215 2772  55  39  26
2219 2782  54  39  26
2222 2792  54  39  26
2225 2801  51  39  26
2226 2811  50  39  26
2228 2819  49  38  26
2229 2829  49  38  26
2230 2836  49  38  26
2229 2843  46  38  24
2228 2849  47  38  24
2228 2851  48  38  25
2228 2852  51  38  25
2225 2853  52  38  28
2224 2851  53  38  28
2222 2845  56  40  28
2220 2838  55  40  28
2219 2828  57  40  28
2217 2817  58  39  27
2217 2805  58  39  28
2216 2793  58  40  28
2217 2784  58  40  27
2219 2776  58  39  27
2223 2768  58  39  26
2227 2763  58  39  26
2233 2758  58  39  26
2238 2755  56  39  26
2242 2755  52  39  26
2248 2757  43  39  26
2253 2760  31  39  26
2256 2767  18  39  26
% 
% .PEN_UP
2259 2771   0  39  25
2260 2778   0  39  25
2260 2783   0  39  25
2257 2788   0  39  25
2255 2790   0  39  25
2253 2793   0  39  25
2248 2796   0  39  25
2243 2801   0  39  25
2235 2805   0  39  25
2228 2807   0  39  25
2221 2808   0  39  25
2216 2805   0  40  25
2209 2803   0  40  25
2204 2803   0  40  25
% 
% .PEN_DOWN
2201 2801  25  40  25
2200 2799  32  40  25
2199 2799  38  40  25
2201 2799  41  40  25
2209 2800  42  40  25
2218 2805  43  39  25
2227 2807  41  39  25
2232 2807  35  37  25
2238 2809  27  37  25
2243 2809  18  37  25
2248 2808   9  37  25
% 
% .PEN_UP
2251 2805   0  37  25
2253 2802   0  37  25
2254 2799   0  37  25
2255 2796   0  37  25
2256 2791   0  37  25
2257 2788   0  37  29
2259 2786   0  37  29
2259 2782   0  37  29
2260 2779   0  37  29
2260 2775   0  37  27
2261 2770   0  37  27
2262 2765   0  37  26
2262 2762   0  37  26
2261 2760   0  37  26
% 
% .PEN_DOWN
2261 2759  15  37  26
2263 2759  20  37  26
2266 2760  22  37  26
2270 2766  25  37  27
2273 2772  25  37  27
2275 2777  24  37  28
2276 2784  27  37  28
2279 2790  28  37  28
2280 2796  31  37  28
2279 2801  32  37  28
2280 2804  33  37  28
2280 2809  36  37  28
2279 2811  40  37  28
2277 2812  42  37  28
2275 2810  43  37  28
2272 2806  46  37  28
2272 2801  47  37  28
2271 2797  50  37  28
2269 2793  52  37  28
2269 2787  53  37  28
2270 2785  56  37  28
2269 2780  55  37  27
2270 2778  54  37  27
2273 2773  54  37  26
2276 2771  54  37  26
2278 2771  54  37  26
2279 2770  54  37  26
2280 2769  54  37  26
2282 2769  54  37  26
2283 2769  51  37  25
2285 2772  50  36  25
2288 2773  49  36  25
2288 2773  49  36  25
2290 2774  49  36  25
2290 2774  49  39  25
2291 2775  49  39  27
2291 2775  49  40  27
2292 2775  49  38  26
2293 2775  49  38  26
2293 2775  49  38  27
2293 2775  49  37  27
2293 2775  49  37  28
2294 2776  51  37  28
2294 2776  52  37  26
2294 2774  53  39  26
2294 2774  53  39  28
2295 2772  56  38  28
2296 2772  57  38  26
2296 2771  58  37  26
2296 2768  58  37  28
2296 2769  58  37  28
2296 2767  58  37  27
2297 2767  58  37  27
2298 2767  58  35  26
2297 2767  58  35  26
2297 2766  58  35  28
2298 2765  58  34  28
2299 2764  58  34  28
2300 2766  59  33  29
2301 2768  59  33  29
2303 2768  59  35  29
2305 2768  59  37  29
2305 2770  59  36  29
2307 2773  59  36  27
2308 2776  59  37  27
2310 2781  59  37  28
2312 2787  56  37  28
2315 2793  55  38  28
2318 2798  54  38  28
2321 2806  54  38  28
2326 2812  51  36  28
2332 2814  50  36  28
2337 2816  49  36  28
2339 2817  49  36  28
2340 2819  49  36  28
2342 2817  49  36  28
2342 2815  49  36  28
2344 2814  49  36  28
2344 2814  51  36  28
2343 2814  55  36  28
2343 2812  57  36  28
2343 2810  58  36  28
2341 2807  58  37  28
2337 2805  58  37  28
2330 2804  58  36  28
2321 2800  58  36  28
2311 2798  58  36  28
2297 2795  58  36  28
2281 2794  58  36  28
2259 2793  58  36  28
2229 2794  58  38  28
2185 2795  59  38  28
2137 2793  59  38  28
2087 2789  59  38  28
2033 2780  59  41  28
1983 2770  59  42  29
1931 2762  59  42  29
1880 2758  59  42  27
1837 2757  59  42  28
1797 2761  56  42  28
1756 2770  57  40  28
1718 2782  58  40  28
1688 2791  56  40  28
1664 2803  55  40  28
1643 2811  57  40  28
1626 2818  58  40  28
1612 2824  56  40  28
1600 2831  57  40  28
1593 2836  58  40  28
1591 2838  58  38  27
1590 2839  58  38  27
1594 2840  58  38  25
1605 2837  58  38  25
1620 2833  58  38  25
1639 2828  58  38  25
1660 2820  58  38  25
1688 2812  58  40  25
1724 2806  58  40  25
1762 2798  59  40  25
1801 2793  59  40  25
1847 2787  59  38  25
1896 2782  59  38  25
1944 2780  61  37  25
1994 2779  60  37  25
2048 2780  59  37  25
2101 2781  59  37  25
2159 2785  59  37  25
2213 2789  59  37  25
2259 2794  59  37  25
2305 2799  59  37  25
2349 2803  59  36  25
2386 2807  59  36  25
2418 2807  56  36  25
2445 2806  57  36  25
2469 2804  58  36  25
2487 2799  58  36  25
2502 2793  58  35  25
2511 2787  58  35  27
2517 2779  58  34  27
2519 2772  58  34  28
2519 2768  58  34  28
2517 2762  58  34  29
2511 2761  56  35  29
2501 2759  35  37  29
% 
