% .SEGMENT LETTER ? ? "0"
% 
% .PEN_DOWN
1592 2840   6  40  26
1593 2842  10  40  26
1593 2843  12  41  26
1595 2845  13  41  26
1594 2848  16  41  28
1595 2851  20  41  28
1596 2858  22  41  28
1595 2862  23  41  29
1595 2870  26  41  29
1594 2876  28  41  29
1590 2880  28  41  29
1588 2885  29  43  29
1586 2893  29  41  29
1584 2900  29  41  28
1579 2906  31  43  28
1576 2909  33  43  28
1570 2911  33  41  28
1565 2912  33  41  28
1559 2910  34  42  28
1553 2908  36  42  28
1549 2902  37  42  28
1542 2893  38  42  28
1536 2881  38  42  28
1531 2870  39  42  27
1527 2854  39  41  27
1525 2834  39  41  24
1524 2818  39  41  24
1523 2802  41  41  24
1525 2792  40  43  24
1528 2779  39  43  24
1533 2771  42  42  24
1537 2765  40  42  27
1543 2761  42  42  27
1552 2757  43  42  28
1558 2759  41  42  28
1565 2762  42  41  27
1573 2769  43  41  27
1579 2780  41  41  27
1586 2793  40  43  27
1592 2805  39  43  27
1595 2819  39  42  27
1600 2835  39  42  27
1604 2850  39  40  27
1605 2862  39  40  28
1606 2870  39  39  28
1606 2876  39  39  29
1604 2877  39  39  29
1601 2878  41  39  29
1600 2871  43  40  25
1597 2859  46  40  27
1596 2847  50  39  27
1592 2832  52  39  25
1592 2817  53  40  25
1591 2802  53  40  25
1592 2789  53  40  25
1595 2780  53  40  25
1598 2771  53  41  25
1603 2764  53  41  25
1609 2759  46  40  25
1615 2758  33  40  25
1622 2757  16  37  25
% 
% .PEN_UP
1629 2758   0  37  27
1632 2756   0  37  27
1637 2753   0  37  28
1641 2756   0  37  28
1648 2759   0  37  29
1656 2764   0  37  29
1664 2769   0  37  29
1675 2775   0  39  29
1693 2778   0  39  29
1708 2783   0  40  29
1723 2788   0  40  29
1737 2793   0  42  29
1747 2792   0  42  29
1754 2791   0  43  29
1757 2794   0  43  29
1757 2797   0  43  29
1757 2798   0  43  29
1755 2798   0  43  29
1752 2803   0  43  29
1748 2802   0  41  29
1743 2805   0  41  29
1739 2807   0  41  29
1736 2808   0  41  29
1732 2812   0  41  29
1729 2814   0  41  29
1727 2818   0  41  29
1724 2823   0  41  29
1723 2824   0  40  29
1722 2829   0  40  27
1718 2833   0  40  27
1716 2837   0  40  26
1715 2839   0  40  26
1714 2840   0  40  23
1713 2843   0  40  24
1711 2847   0  40  24
1710 2849   0  40  24
1711 2854   0  40  27
1710 2859   0  41  27
1710 2864   0  42  28
1710 2870   0  42  28
1710 2874   0  42  28
1710 2878   0  42  28
% 
% .PEN_DOWN
1708 2882   6  42  28
1707 2882  10  42  28
1707 2881  12  42  28
1705 2882  13  44  28
1705 2880  16  45  28
1704 2874  18  45  28
1702 2868  21  45  29
1700 2860  25  45  29
1698 2849  27  45  29
1697 2835  30  45  29
1696 2821  35  45  29
1697 2804  37  43  29
1698 2791  40  43  29
1701 2777  44  42  27
1706 2763  46  42  27
1711 2752  47  42  27
1718 2744  48  41  27
1726 2737  48  41  27
1733 2734  48  41  27
1742 2736  51  41  27
1751 2739  52  41  25
1758 2746  50  39  27
1767 2755  49  39  27
1772 2768  49  39  27
1776 2781  49  39  27
1780 2794  49  39  27
1783 2806  49  39  27
1784 2819  49  39  27
1784 2832  49  39  27
1783 2842  49  39  27
1780 2853  46  39  28
1777 2865  42  39  28
1774 2872  38  39  29
1771 2875  31  39  29
1768 2875  23  39  29
1764 2872  11  39  29
% 
% .PEN_UP
1761 2863   0  39  29
1760 2854   0  40  29
1759 2843   0  40  29
1758 2834   0  41  29
1758 2822   0  40  27
1761 2813   0  40  27
1763 2804   0  40  27
1768 2796   0  42  27
1771 2787   0  39  27
1776 2779   0  39  27
1780 2766   0  39  28
1784 2758   0  39  28
1787 2751   0  39  29
1791 2746   0  39  29
1795 2743   0  39  27
1796 2742   0  39  27
% 
% .PEN_DOWN
1800 2744  15  39  27
1802 2750  20  39  27
1803 2762  22  39  28
1805 2771  23  39  28
1807 2785  23  39  28
1807 2796  24  39  28
1807 2801  26  39  28
1804 2807  30  39  28
1803 2809  34  39  28
1799 2806  39  39  28
1796 2799  41  39  28
1793 2790  43  39  28
1791 2779  46  39  28
1790 2770  47  39  28
1791 2758  48  39  26
1794 2752  48  39  26
1798 2745  46  39  28
1803 2741  40  39  29
1810 2739  27  39  29
% 
% .PEN_UP
1817 2741   0  40  29
1824 2744   0  40  29
1827 2746   0  41  29
1831 2749   0  41  27
1837 2751   0  42  28
1843 2757   0  42  28
1850 2756   0  44  28
1859 2762   0  44  29
1869 2769   0  41  29
1878 2767   0  41  29
1884 2767   0  37  29
1885 2766   0  37  32
1880 2765   0  41  32
1880 2762   0  42  28
1874 2758   0  42  28
1866 2752   0  42  29
1858 2751   0  41  29
1851 2753   0  41  29
1844 2754   0  42  29
1839 2760   0  42  29
1834 2763   0  42  29
1829 2766   0  42  29
1827 2767   0  43  29
1823 2770   0  43  31
1821 2773   0  44  31
1819 2775   0  44  31
1818 2776   0  44  31
1816 2778   0  44  31
1815 2779   0  44  31
1813 2781   0  44  31
1813 2784   0  44  31
1814 2786   0  44  31
1814 2787   0  44  31
1814 2787   0  44  31
1814 2789   0  44  31
1815 2790   0  44  31
1815 2789   0  44  31
% 
% .PEN_DOWN
1816 2790   6  44  31
1816 2789   7  44  31
1818 2790  11  44  31
1818 2789  15  42  31
1819 2785  17  42  31
1820 2778  20  41  31
1820 2772  25  41  28
1821 2766  27  40  28
1821 2761  28  40  29
1824 2754  31  43  27
1824 2748  32  43  27
1824 2743  31  42  27
1824 2742  30  41  27
1823 2741  29  41  27
1824 2739  32  41  26
1822 2741  30  41  26
1822 2744  30  41  28
1821 2746  29  43  29
1822 2752  29  43  29
1823 2759  29  41  29
1824 2767  29  41  29
1825 2773  29  40  29
1829 2780  29  43  29
1832 2788  29  43  29
1835 2793  29  43  29
1839 2797  31  44  29
1842 2797  30  43  29
1843 2799  30  43  29
1844 2794  32  43  29
1845 2791  35  44  29
1843 2789  37  44  29
1842 2783  38  45  29
1841 2775  38  45  29
1840 2769  39  41  29
1836 2764  39  43  29
1835 2762  39  43  29
1833 2759  41  43  27
1832 2755  42  40  28
1832 2754  41  40  27
1832 2752  40  43  27
1833 2751  39  43  28
1835 2750  32  42  28
1837 2749  23  42  29
1842 2748  11  42  29
% 
% .PEN_UP
1849 2747   0  42  29
1855 2745   0  42  29
1860 2742   0  42  28
1864 2744   0  41  29
1870 2743   0  41  29
1876 2743   0  41  29
1882 2747   0  41  29
1886 2750   0  41  32
1891 2754   0  41  32
1891 2758   0  41  32
1892 2761   0  41  30
1894 2766   0  39  30
1896 2771   0  39  32
1897 2774   0  40  32
1895 2777   0  40  32
1893 2781   0  39  32
% 
% .PEN_DOWN
1890 2784  15  39  32
1886 2790  17  40  32
1882 2795  21  40  32
1878 2797  22  40  32
1874 2800  26  40  32
1870 2800  30  39  32
1866 2798  32  39  32
1861 2793  33  39  32
1859 2790  36  39  32
1858 2789  37  38  32
1856 2783  38  38  32
1856 2780  38  40  32
1860 2779  39  40  32
1864 2777  39  40  32
1870 2775  39  40  32
1878 2773  39  39  30
1883 2769  36  39  30
1888 2767  35  40  30
1890 2765  34  40  30
1891 2761  37  38  30
1892 2757  38  40  29
1889 2750  38  40  29
1887 2747  38  40  28
1883 2743  39  40  28
1878 2742  39  40  29
1875 2742  34  40  29
1871 2743  26  40  29
1867 2744  18  39  29
1865 2748   9  39  30
% 
% .PEN_UP
1865 2755   0  41  30
1865 2764   0  41  29
1866 2770   0  40  29
1867 2773   0  40  29
1871 2778   0  40  29
1876 2783   0  40  29
1881 2789   0  42  29
1883 2794   0  39  29
1891 2801   0  39  29
1896 2804   0  39  29
1901 2806   0  39  29
1904 2808   0  38  29
1906 2810   0  38  29
% 
% .PEN_DOWN
1908 2810  14  38  29
1910 2809  19  38  29
1911 2808  24  38  29
1912 2807  29  38  29
1912 2803  34  38  29
1911 2799  36  38  29
1912 2793  40  38  29
1910 2786  42  38  29
1910 2776  45  38  29
1910 2766  47  38  29
1910 2758  48  38  29
1910 2752  46  38  29
1910 2746  45  38  27
1912 2742  44  38  27
1916 2738  39  38  27
1919 2739  29  36  27
1924 2741  17  36  26
% 
% .PEN_UP
1929 2743   0  38  26
1932 2749   0  38  28
1936 2752   0  38  28
1936 2757   0  38  28
1937 2762   0  38  28
1938 2764   0  38  29
1938 2767   0  38  29
1936 2770   0  38  29
1932 2774   0  38  29
1926 2776   0  38  29
1920 2779   0  37  29
1915 2779   0  37  29
1911 2780   0  38  29
1908 2780   0  38  29
1906 2780   0  38  29
% 
% .PEN_DOWN
1903 2779  28  38  29
1902 2779  31  38  29
1904 2779  32  38  29
1907 2778  33  38  29
1912 2780  33  38  29
1920 2784  34  36  29
1925 2786  31  36  29
1930 2787  20  38  29
% 
% .PEN_UP
1935 2787   0  38  29
1939 2785   0  38  29
1942 2781   0  38  29
1941 2779   0  38  29
1943 2778   0  38  29
1946 2776   0  38  29
1951 2781   0  38  29
1955 2785   0  38  29
1960 2787   0  38  29
1966 2788   0  38  29
1969 2791   0  38  29
1971 2790   0  42  29
1971 2787   0  45  29
1971 2783   0  45  29
1968 2780   0  45  29
1963 2776   0  45  29
1959 2775   0  45  31
1953 2775   0  45  31
1949 2776   0  45  31
1944 2776   0  45  31
1939 2778   0  45  31
1937 2779   0  45  31
1936 2779   0  45  31
1933 2780   0  45  31
1931 2780   0  45  31
1931 2782   0  40  31
1931 2784   0  40  31
1931 2785   0  40  31
1930 2787   0  38  31
1928 2789   0  38  31
1929 2790   0  38  31
1929 2793   0  37  31
1929 2794   0  37  31
1930 2793   0  38  31
% 
% .PEN_DOWN
1931 2792   4  38  31
1931 2792   9  38  31
1933 2788  12  38  31
1934 2782  13  38  31
1937 2777  16  38  31
1939 2771  20  38  31
1941 2766  22  38  30
1942 2758  26  38  30
1941 2752  27  38  28
1942 2747  28  38  28
1942 2743  31  38  29
1941 2740  32  38  29
1942 2738  31  38  28
1942 2738  32  38  29
1939 2739  33  38  29
1941 2742  33  38  29
1938 2745  34  38  29
1938 2751  34  38  29
1939 2758  34  38  29
1941 2764  34  38  29
1943 2770  34  38  29
1946 2775  34  38  29
1950 2784  34  38  29
1954 2791  34  38  29
1957 2796  34  38  29
1958 2797  34  38  29
1960 2798  34  38  29
1962 2794  34  38  29
1963 2791  34  38  29
1962 2787  36  38  29
1960 2783  38  38  29
1958 2777  38  38  29
1956 2772  36  38  29
1954 2768  37  38  29
1951 2761  38  38  29
1949 2757  38  38  29
1949 2754  36  38  27
1947 2751  35  38  27
1946 2746  34  38  26
1948 2745  34  38  26
1948 2742  34  38  28
1951 2740  29  38  28
1955 2737  22  38  29
1959 2736  11  38  27
% 
% .PEN_UP
1963 2736   0  38  27
1967 2735   0  38  27
1972 2733   0  38  29
1976 2734   0  39  29
1980 2734   0  41  27
1985 2735   0  41  27
1991 2734   0  41  27
1995 2739   0  42  27
1998 2740   0  42  28
2001 2743   0  40  29
2004 2745   0  40  29
2006 2749   0  37  29
2007 2751   0  37  29
2007 2754   0  38  29
% 
% .PEN_DOWN
2007 2759  12  38  27
2008 2762  15  38  27
2008 2770  17  38  28
2008 2775  18  38  28
2009 2782  21  38  28
2007 2789  25  38  28
2003 2795  29  38  28
1998 2797  32  38  28
1995 2800  35  37  28
1989 2800  39  37  28
1985 2796  42  37  28
1981 2792  40  37  28
1978 2786  42  37  28
1975 2777  43  41  28
1974 2769  43  41  28
1973 2758  44  42  28
1973 2750  44  42  27
1975 2742  44  41  27
1977 2737  44  41  27
1981 2733  44  41  27
1986 2732  44  41  29
1990 2735  44  41  29
1994 2739  44  41  29
1999 2746  41  39  29
2002 2755  38  39  29
2005 2761  33  39  29
2008 2764  29  40  29
2011 2766  26  40  29
2011 2766  25  40  29
2010 2765  25  39  29
2010 2759  27  39  29
2010 2752  28  39  28
2011 2745  28  39  28
2014 2740  29  40  28
2015 2736  29  40  27
2017 2730  31  40  27
2020 2728  33  40  27
2023 2730  31  38  27
2026 2735  30  38  27
2030 2742  29  37  26
2035 2751  29  37  26
2034 2759  29  37  26
2033 2766  29  37  27
2036 2775  27  38  27
2036 2786  25  39  27
2038 2793  27  39  27
2040 2799  26  39  27
2042 2803  25  40  27
2042 2806  24  40  27
2042 2810  24  38  27
2043 2811  27  38  27
2043 2809  30  37  27
2042 2809  32  36  27
2040 2804  33  37  27
2037 2800  33  37  27
2038 2792  36  36  27
2038 2785  40  36  27
2038 2779  42  36  28
2038 2770  43  36  28
2040 2759  43  36  28
2040 2750  44  36  27
2042 2742  44  36  27
2046 2737  44  38  25
2050 2731  44  38  25
2053 2731  39  38  26
2057 2733  29  38  26
2061 2736  17  38  26
% 
% .PEN_UP
2065 2741   0  38  28
2067 2746   0  38  28
2067 2750   0  36  28
2067 2756   0  36  28
2065 2762   0  36  28
2063 2765   0  37  28
2057 2768   0  37  28
2053 2773   0  37  28
2045 2774   0  37  28
2038 2772   0  37  28
2029 2769   0  39  28
2024 2768   0  39  29
% 
% .PEN_DOWN
2020 2766  30  39  29
2019 2769  34  39  29
2021 2769  37  39  29
2025 2771  35  39  29
2030 2774  32  39  29
2036 2778  26  39  29
2043 2779  17  38  29
% 
% .PEN_UP
2050 2782   0  38  29
2053 2779   0  34  29
2055 2779   0  34  29
2057 2776   0  34  29
2059 2777   0  34  31
2063 2773   0  36  31
2067 2772   0  38  32
2072 2774   0  38  32
2078 2771   0  38  32
2082 2771   0  34  32
2084 2765   0  34  33
2084 2760   0  34  33
2085 2757   0  34  31
2084 2753   0  34  31
2079 2747   0  34  30
2076 2743   0  35  28
2073 2740   0  35  28
2071 2741   0  33  28
2068 2738   0  33  29
2066 2738   0  34  29
2064 2736   0  34  29
2063 2736   0  34  29
2062 2739   0  34  29
2062 2739   0  34  29
2061 2737   0  34  29
2062 2737   0  36  30
2061 2737   0  36  30
% 
% .PEN_DOWN
2061 2739   2  37  30
2062 2739   3  37  30
2062 2738   6  38  30
2063 2739  10  38  28
2064 2740  12  38  28
2067 2743  16  38  29
2071 2746  17  38  29
2075 2753  21  37  29
2077 2759  22  37  29
2081 2766  23  37  29
2085 2772  24  37  29
2087 2777  24  37  29
2088 2782  24  37  29
2089 2783  26  37  29
2089 2784  28  37  29
2088 2783  31  37  29
2088 2780  35  37  29
2086 2779  37  37  29
2085 2775  40  37  28
2085 2769  40  37  27
2086 2765  39  37  27
2087 2759  39  37  28
2089 2755  39  37  28
2091 2754  39  37  26
2092 2754  39  37  26
2093 2755  39  37  26
2094 2757  39  37  26
2095 2755  39  37  27
2096 2754  39  37  28
2096 2756  39  37  28
2097 2755  39  37  28
2097 2756  39  37  29
2096 2757  39  37  29
2095 2757  39  37  29
2096 2758  41  37  29
2096 2757  43  37  29
2096 2757  43  37  29
2096 2758  46  37  29
2096 2756  47  37  29
2093 2755  45  37  29
2092 2756  47  37  29
2090 2756  48  37  27
2089 2755  48  37  28
2089 2754  48  37  28
2088 2757  48  37  28
2088 2759  48  37  28
2089 2761  48  37  28
2089 2764  48  37  28
2089 2768  48  37  28
2091 2771  48  37  28
2093 2774  48  37  28
2091 2776  49  37  28
2091 2777  49  37  28
2090 2777  49  37  28
2089 2779  49  37  28
2089 2780  49  37  28
2086 2782  49  37  28
2083 2782  49  36  28
2082 2780  49  36  28
2079 2779  49  36  28
2075 2779  49  38  28
2074 2777  49  38  28
2072 2776  49  38  28
2071 2772  49  38  28
2068 2768  49  38  28
2068 2761  49  38  30
2068 2756  49  38  28
2065 2749  49  38  28
2065 2744  49  38  28
2068 2742  49  38  29
2071 2739  49  38  29
2076 2736  49  37  30
2082 2738  49  37  30
2089 2738  49  37  30
2098 2743  51  37  30
2105 2744  50  37  28
2114 2747  49  37  28
2122 2747  46  37  26
2129 2749  40  37  28
2135 2751  35  37  28
2139 2754  32  37  28
2142 2756  28  37  28
2144 2758  28  37  28
2142 2759  29  37  29
2140 2759  31  37  29
2139 2759  35  37  29
2132 2756  37  37  29
2125 2758  38  37  29
2114 2756  41  37  29
2100 2756  42  37  29
2082 2755  45  37  29
2056 2757  45  37  29
2025 2758  44  39  29
1991 2759  44  39  29
1953 2760  44  39  29
1912 2761  44  39  29
1868 2761  44  41  29
1829 2760  44  41  29
1789 2761  44  41  29
1747 2768  44  41  31
1711 2775  44  40  31
1680 2785  44  40  31
1653 2797  44  40  31
1628 2805  46  40  31
1608 2812  50  39  31
1590 2820  52  39  31
1574 2824  53  39  31
1561 2827  53  39  29
1551 2829  53  39  29
1544 2826  53  39  28
1540 2825  53  38  28
1540 2823  53  38  27
1544 2819  53  38  27
1554 2812  53  38  27
1568 2806  53  39  27
1585 2796  53  39  27
1605 2789  54  38  27
1628 2785  54  38  27
1653 2781  54  38  27
1683 2779  54  38  27
1716 2777  54  37  27
1752 2777  54  37  27
1788 2777  54  37  27
1827 2777  54  37  27
1867 2777  54  38  27
1907 2774  54  38  27
1941 2771  51  38  27
1974 2768  50  38  28
2007 2764  49  36  28
2038 2759  49  36  28
2065 2755  49  36  29
2087 2754  49  36  29
2106 2752  49  36  29
2122 2750  49  36  27
2131 2749  51  36  26
2138 2749  52  36  26
2143 2748  53  35  26
2145 2747  53  37  28
2146 2747  51  36  28
2147 2747  42  36  29
2146 2747  23  37  29
% 
