% .SEGMENT LETTER ? ? "0"
% 
% .PEN_DOWN
1573 2833   2  39  26
1574 2830   3  39  24
1574 2827   6  38  24
1575 2825  10  38  24
1575 2825  12  37  24
1577 2823  16  37  24
1578 2824  17  37  24
1579 2824  21  36  23
1577 2826  22  36  23
1579 2828  26  36  23
1579 2831  27  36  23
1579 2835  28  36  25
1577 2841  29  36  25
1576 2850  31  36  25
1574 2857  30  38  25
1572 2869  30  38  25
1568 2877  32  39  26
1565 2884  33  39  26
1561 2891  33  39  26
1557 2898  33  40  27
1553 2901  36  39  27
1547 2903  37  39  27
1544 2901  38  40  27
1541 2899  38  41  28
1536 2896  39  41  28
1534 2890  39  41  28
1530 2879  39  41  28
1525 2869  39  41  27
1519 2852  41  41  27
1515 2832  42  40  27
1513 2816  45  40  27
1512 2798  47  40  27
1510 2782  48  40  27
1511 2768  48  40  28
1512 2753  48  41  25
1517 2742  48  41  25
1521 2732  48  39  25
1525 2726  51  39  24
1531 2721  52  38  24
1539 2720  53  38  24
1544 2725  53  38  24
1552 2732  53  38  25
1559 2742  53  39  25
1564 2759  51  37  25
1568 2774  50  37  25
1572 2790  47  37  25
1575 2805  45  37  25
1579 2822  42  37  23
1581 2840  40  37  23
1583 2853  37  37  24
1585 2863  35  37  24
1586 2868  37  37  25
1585 2871  40  39  25
1584 2866  44  39  25
1583 2859  46  40  25
1581 2850  50  40  24
1578 2835  52  40  24
1574 2820  53  40  24
1572 2804  53  40  24
1571 2790  53  40  24
1570 2775  53  40  25
1575 2764  53  40  25
1578 2754  53  40  25
1582 2748  51  40  25
1589 2745  40  39  26
1597 2743  25  39  26
% 
% .PEN_UP
1607 2743   0  37  26
1616 2744   0  37  25
1622 2745   0  37  25
1629 2749   0  37  30
1640 2752   0  37  30
1653 2764   0  37  30
1666 2772   0  40  30
1683 2780   0  40  30
1702 2786   0  40  30
1715 2794   0  40  30
1728 2793   0  40  30
1737 2789   0  40  30
1743 2788   0  40  30
1750 2791   0  40  30
1750 2786   0  40  30
1752 2781   0  40  30
1750 2780   0  39  30
1745 2781   0  41  30
1740 2788   0  41  30
1736 2789   0  41  30
1731 2793   0  41  30
1722 2798   0  41  30
1718 2799   0  42  30
1711 2803   0  41  30
1706 2806   0  41  30
1704 2809   0  41  30
1701 2813   0  42  30
1698 2816   0  42  30
1696 2820   0  42  30
1693 2824   0  42  28
1691 2826   0  42  28
1689 2831   0  42  27
1690 2833   0  42  27
1690 2836   0  42  24
1689 2837   0  42  24
1687 2840   0  42  25
1687 2842   0  42  25
1687 2845   0  42  25
1687 2845   0  42  25
1686 2848   0  42  27
1686 2850   0  42  27
1683 2852   0  42  27
1683 2855   0  42  27
1683 2857   0  42  26
1683 2860   0  43  26
% 
% .PEN_DOWN
1683 2864   1  43  25
1682 2866   2  44  27
1683 2870   6  44  27
1684 2869   8  45  27
1684 2872  11  44  28
1684 2874  13  43  28
1684 2876  16  43  28
1684 2876  20  44  28
1684 2877  22  39  29
1682 2878  25  42  29
1682 2878  30  42  29
1681 2873  34  39  29
1679 2870  36  39  29
1677 2864  38  40  28
1675 2852  41  40  28
1674 2840  42  40  28
1673 2826  45  40  28
1671 2810  47  42  28
1670 2795  50  41  28
1672 2780  52  41  28
1675 2764  53  41  27
1678 2750  53  41  27
1683 2740  56  41  27
1689 2730  57  39  27
1696 2726  58  39  27
1704 2724  58  39  27
1713 2725  56  38  27
1720 2729  57  39  27
1728 2737  55  39  26
1735 2748  54  38  26
1742 2761  54  38  26
1747 2774  54  38  26
1751 2788  54  38  26
1752 2798  54  38  26
1754 2808  54  38  26
1753 2818  54  39  26
1752 2831  54  38  26
1751 2841  51  38  26
1750 2849  50  38  28
1748 2859  47  38  28
1745 2862  43  38  27
1742 2864  38  37  26
1740 2864  31  37  26
1738 2863  20  39  26
% 
% .PEN_UP
1737 2861   0  39  26
1738 2855   0  40  26
1737 2848   0  41  26
1737 2840   0  41  26
1738 2832   0  41  26
1741 2823   0  39  26
1743 2816   0  39  26
1749 2807   0  39  26
1753 2798   0  39  26
1752 2793   0  38  26
1754 2790   0  38  26
1758 2783   0  39  26
1759 2774   0  39  25
1758 2768   0  39  27
1758 2764   0  39  27
1759 2760   0  39  27
1758 2755   0  39  28
1756 2752   0  39  29
1756 2748   0  39  29
1757 2745   0  38  29
1757 2742   0  38  27
1757 2741   0  38  27
% 
% .PEN_DOWN
1756 2740   7  38  27
1757 2738  13  38  27
1759 2736  16  38  26
1760 2735  20  38  26
1762 2736  24  38  26
1763 2738  29  38  26
1768 2741  31  39  26
1772 2746  35  39  26
1774 2756  39  39  27
1778 2766  42  39  27
1781 2773  43  39  27
1785 2784  43  39  27
1784 2793  43  39  27
1785 2798  46  39  27
1784 2803  45  39  27
1781 2806  47  39  27
1777 2808  50  39  27
1771 2805  52  37  27
1768 2802  55  37  27
1763 2800  57  37  27
1757 2794  58  37  27
1753 2787  56  38  27
1752 2777  55  38  28
1754 2768  57  40  28
1756 2762  58  39  27
1761 2756  56  39  27
1766 2750  50  39  26
1772 2745  39  39  26
1779 2742  29  39  26
1787 2740  14  39  26
% 
% .PEN_UP
1794 2738   0  39  26
1800 2737   0  39  26
1806 2734   0  39  26
1809 2735   0  39  28
1813 2737   0  39  28
1819 2738   0  41  28
1824 2744   0  41  29
1829 2750   0  43  29
1834 2752   0  43  32
1837 2758   0  41  30
1837 2762   0  41  30
1836 2764   0  41  30
1833 2765   0  41  28
1828 2766   0  42  28
1823 2769   0  42  28
1819 2771   0  42  28
1816 2773   0  42  28
1812 2775   0  42  28
1808 2779   0  42  28
1805 2782   0  42  28
1803 2784   0  42  28
1802 2786   0  42  28
1801 2791   0  42  28
1800 2791   0  42  28
1799 2791   0  42  28
1797 2795   0  42  28
1796 2796   0  42  28
1797 2796   0  42  28
1797 2795   0  42  28
1797 2795   0  42  28
% 
% .PEN_DOWN
1796 2795   6  42  28
1796 2793  12  42  28
1796 2790  16  42  28
1798 2789  17  42  28
1798 2786  21  42  28
1801 2781  22  42  29
1802 2775  26  42  29
1803 2770  30  42  29
1804 2764  32  42  29
1804 2757  35  42  29
1804 2751  37  42  27
1805 2747  38  42  27
1804 2744  41  42  27
1804 2741  40  42  27
1805 2741  42  42  26
1804 2740  40  42  26
1804 2744  40  42  26
1804 2750  39  42  26
1804 2756  39  42  26
1804 2766  36  42  26
1805 2771  35  42  26
1807 2782  34  42  26
1809 2790  34  42  26
1810 2797  34  42  26
1812 2800  34  42  26
1815 2802  31  44  26
1816 2802  33  44  26
1817 2803  33  44  26
1818 2801  36  44  26
1816 2798  37  44  26
1816 2793  38  44  26
1815 2788  38  44  26
1814 2783  39  44  26
1813 2778  39  44  26
1811 2773  41  44  28
1809 2770  42  44  28
1806 2765  45  44  28
1805 2760  45  44  28
1806 2755  44  44  27
1808 2754  46  44  27
1810 2752  45  44  28
1811 2747  42  44  28
1815 2745  35  44  29
1818 2744  25  42  30
1822 2744  15  42  30
% 
% .PEN_UP
1829 2742   0  44  30
1833 2740   0  44  28
1837 2740   0  41  28
1842 2741   0  40  27
1848 2743   0  40  27
1852 2742   0  40  26
1855 2742   0  40  26
1858 2747   0  38  26
1861 2753   0  38  26
1863 2758   0  38  27
1866 2760   0  37  27
1866 2767   0  37  27
1867 2773   0  38  27
1866 2774   0  38  27
1865 2777   0  39  27
1865 2780   0  39  27
1861 2784   0  41  27
% 
% .PEN_DOWN
1857 2786  15  42  27
1854 2787  20  42  27
1849 2787  24  42  27
1844 2789  27  42  27
1839 2791  28  42  27
1835 2791  31  42  27
1832 2791  32  42  27
1830 2789  33  41  27
1827 2788  33  41  27
1825 2784  34  41  27
1826 2782  34  41  27
1828 2781  34  41  27
1830 2779  34  41  27
1835 2776  34  42  27
1839 2773  34  42  26
1845 2770  34  40  26
1850 2767  34  39  28
1854 2763  34  39  28
1859 2760  34  39  28
1863 2754  34  37  27
1863 2749  36  37  27
1860 2742  38  38  27
1858 2738  41  38  27
1854 2729  42  40  27
1850 2726  43  41  27
1846 2723  43  41  27
1841 2721  41  41  27
1837 2719  35  41  27
1834 2721  30  41  27
1830 2725  22  41  29
1830 2731  16  41  29
1831 2739   8  41  29
% 
% .PEN_UP
1832 2748   0  41  29
1834 2756   0  41  29
1836 2762   0  40  29
1840 2770   0  40  29
1845 2776   0  40  29
1850 2784   0  42  29
1854 2791   0  42  29
1860 2799   0  41  29
1867 2802   0  41  29
1872 2805   0  40  29
1875 2806   0  40  29
1877 2807   0  38  29
% 
% .PEN_DOWN
1878 2807  22  38  29
1878 2807  28  39  29
1878 2805  36  39  29
1879 2803  40  37  29
1879 2799  44  37  29
1879 2794  49  39  29
1878 2788  51  39  29
1876 2778  55  39  29
1874 2769  57  39  29
1873 2759  58  39  29
1871 2750  58  39  28
1872 2744  58  39  28
1874 2738  56  39  27
1875 2732  55  40  27
1880 2733  52  38  27
1884 2730  45  38  27
1891 2732  35  38  26
1895 2734  22  36  26
% 
% .PEN_UP
1899 2738   0  36  26
1904 2741   0  37  26
1907 2742   0  37  26
1909 2745   0  38  26
1911 2746   0  38  25
1912 2748   0  38  25
1911 2753   0  36  27
1911 2756   0  36  27
1908 2759   0  36  28
1902 2760   0  39  28
1895 2763   0  38  28
1886 2766   0  38  28
1880 2768   0  38  28
1875 2769   0  37  28
1871 2768   0  37  27
% 
% .PEN_DOWN
1868 2769  24  38  27
1866 2770  31  39  26
1865 2770  38  39  26
1864 2767  41  39  27
1866 2771  42  39  27
1870 2770  43  39  26
1875 2774  43  38  26
1882 2775  41  38  26
1889 2778  35  38  26
1895 2781  25  38  26
% 
% .PEN_UP
1902 2782   0  38  26
1905 2780   0  38  26
1907 2779   0  38  26
1911 2778   0  38  26
1912 2778   0  36  26
1918 2778   0  36  26
1921 2778   0  36  26
1927 2778   0  36  26
1933 2774   0  36  26
1938 2772   0  36  27
1939 2772   0  36  27
1940 2771   0  36  30
1941 2769   0  36  30
1941 2768   0  36  31
1938 2766   0  36  31
1936 2765   0  36  30
1931 2766   0  36  30
1928 2766   0  35  29
1923 2766   0  35  29
1921 2767   0  35  29
1917 2767   0  35  29
1914 2769   0  35  26
1911 2770   0  37  25
1906 2771   0  37  25
1905 2773   0  35  25
1903 2776   0  35  25
1902 2777   0  34  25
1901 2782   0  34  25
1901 2785   0  36  25
1902 2788   0  36  25
1901 2792   0  37  25
1901 2795   0  37  25
1901 2795   0  37  25
1902 2795   0  37  25
% 
% .PEN_DOWN
1901 2795  11  39  25
1901 2795  15  39  25
1901 2794  17  38  25
1902 2793  20  38  25
1905 2790  22  40  25
1907 2784  26  40  25
1909 2778  27  39  25
1910 2773  31  39  27
1911 2766  35  39  27
1911 2759  37  39  26
1911 2753  40  38  26
1911 2746  42  38  26
1910 2743  43  36  26
1909 2741  43  36  26
1908 2738  44  35  26
1908 2738  44  35  26
1909 2737  44  37  26
1908 2739  44  37  26
1907 2744  41  35  26
1908 2747  40  35  28
1908 2755  37  35  28
1909 2761  35  35  26
1912 2768  35  35  26
1916 2776  32  35  26
1919 2782  33  37  26
1923 2787  31  37  26
1927 2793  30  37  26
1929 2797  29  37  26
1931 2795  32  37  26
1931 2793  33  37  26
1931 2791  36  37  26
1932 2787  37  36  26
1928 2782  38  38  26
1926 2779  41  38  26
1924 2775  42  36  26
1919 2770  43  36  27
1917 2765  43  36  28
1915 2761  46  36  28
1913 2757  47  37  28
1914 2754  48  37  27
1914 2752  48  38  27
1915 2749  48  36  26
1917 2745  46  36  26
1922 2741  40  36  26
1926 2739  32  36  26
1932 2737  23  36  26
1940 2736  14  36  26
% 
% .PEN_UP
1947 2736   0  36  26
1952 2736   0  36  26
1956 2737   0  36  26
1959 2736   0  36  26
1963 2739   0  36  26
1967 2740   0  37  26
1969 2744   0  37  27
1972 2745   0  37  27
1973 2747   0  37  28
1975 2752   0  37  28
1976 2757   0  37  28
1977 2758   0  39  28
1977 2759   0  40  29
% 
% .PEN_DOWN
1977 2763  15  40  29
1977 2766  20  40  27
1977 2771  22  40  27
1977 2774  23  40  27
1977 2777  26  40  27
1976 2785  30  40  27
1974 2790  32  40  27
1971 2795  35  40  27
1968 2798  40  40  27
1964 2799  42  40  27
1961 2796  45  40  27
1956 2792  47  40  27
1951 2786  50  40  27
1947 2780  52  40  27
1945 2771  55  40  27
1941 2759  57  40  26
1939 2752  58  40  26
1940 2743  58  40  26
1941 2737  58  40  26
1944 2732  58  40  26
1948 2732  58  40  26
1952 2732  58  40  26
1958 2735  56  40  26
1962 2739  55  40  26
1965 2746  52  40  26
1970 2753  48  40  28
1972 2758  46  38  28
1974 2762  42  39  28
1975 2764  40  39  28
1976 2764  40  39  29
1975 2765  42  40  29
1975 2762  43  40  29
1974 2756  43  40  27
1973 2753  43  40  27
1974 2746  44  40  27
1975 2742  44  40  27
1977 2738  44  39  27
1979 2735  44  40  29
1982 2735  44  40  29
1985 2735  46  40  27
1987 2737  47  38  27
1990 2741  46  38  27
1993 2745  45  38  27
1995 2751  44  38  28
1998 2761  41  38  28
1999 2771  40  38  28
2001 2778  39  38  28
2001 2787  37  38  28
2001 2795  38  38  28
2002 2797  38  38  28
2001 2803  41  38  28
2001 2802  45  38  28
1999 2801  47  38  28
1997 2799  50  38  28
1995 2795  52  38  28
1994 2788  55  37  28
1994 2783  57  37  28
1992 2774  55  37  28
1993 2762  57  37  28
1995 2754  58  37  29
1995 2747  56  37  29
1997 2743  55  37  29
2002 2738  52  38  29
2006 2736  45  38  28
2011 2737  37  39  29
2016 2738  26  39  29
% 
% .PEN_UP
2022 2742   0  37  29
2027 2745   0  37  29
2029 2749   0  39  29
2031 2748   0  38  29
2033 2752   0  38  29
2033 2760   0  38  27
2030 2764   0  37  27
2028 2766   0  37  30
2024 2767   0  39  29
2017 2770   0  39  29
2008 2771   0  37  29
2001 2772   0  37  29
1994 2775   0  37  29
1990 2774   0  37  29
1986 2775   0  37  29
1983 2774   0  37  29
% 
% .PEN_DOWN
1980 2774  31  37  29
1979 2773  35  37  27
1979 2775  39  37  27
1981 2776  42  37  27
1984 2777  43  37  27
1988 2779  43  37  27
1992 2782  41  37  27
1998 2785  35  37  27
2004 2786  27  38  27
2009 2788  18  38  27
% 
% .PEN_UP
2013 2788   0  37  27
2015 2787   0  37  27
2017 2785   0  36  27
2019 2782   0  36  27
2019 2779   0  38  27
2023 2778   0  38  27
2024 2779   0  35  27
2028 2774   0  35  30
2030 2775   0  38  32
2030 2773   0  38  32
2031 2772   0  40  32
2032 2770   0  40  30
2030 2767   0  40  30
2029 2765   0  41  32
2029 2763   0  41  32
2030 2760   0  41  33
2029 2758   0  39  33
2030 2755   0  39  31
2030 2756   0  37  28
2031 2755   0  37  28
2030 2756   0  37  28
2031 2754   0  37  29
2032 2753   0  37  29
2032 2755   0  36  26
2030 2753   0  36  26
2032 2751   0  36  28
2032 2748   0  36  28
2032 2747   0  36  29
% 
% .PEN_DOWN
2031 2747  13  36  29
2032 2747  18  36  27
2034 2746  21  36  27
2036 2745  25  36  28
2038 2748  27  37  28
2040 2749  28  37  29
2041 2753  29  37  29
2045 2759  31  37  29
2048 2765  32  37  29
2051 2769  33  37  29
2053 2773  33  37  29
2055 2775  34  38  29
2056 2777  34  38  29
2056 2779  34  38  29
2056 2780  34  38  29
2056 2779  34  38  29
2054 2778  36  36  29
2053 2777  37  36  29
2053 2772  41  35  29
2052 2769  42  35  29
2052 2766  43  36  29
2052 2762  43  35  29
2054 2757  44  35  29
2054 2755  44  35  27
2056 2752  44  34  27
2060 2750  44  34  26
2062 2751  44  34  28
2065 2750  44  34  28
2066 2752  44  34  28
2067 2752  44  34  28
2067 2755  44  36  28
2069 2756  44  38  28
2069 2755  44  38  28
2069 2754  46  38  27
2068 2758  50  36  27
2068 2759  52  37  28
2067 2758  53  37  28
2066 2756  53  37  28
2065 2755  53  38  28
2064 2755  53  38  29
2064 2755  53  38  27
2065 2756  53  38  27
2065 2758  53  38  27
2065 2757  56  38  26
2065 2755  57  38  26
2065 2754  58  36  28
2065 2756  58  36  28
2065 2755  58  36  26
2065 2754  58  33  26
2066 2756  58  34  26
2067 2755  58  34  26
2066 2754  58  34  25
2067 2756  58  34  25
2066 2755  58  34  25
2067 2756  58  35  25
2067 2756  59  35  25
2067 2755  59  33  25
2067 2755  59  34  25
2067 2756  59  34  25
2066 2756  59  34  29
2066 2755  59  34  29
2067 2754  59  36  27
2067 2754  56  36  27
2066 2756  55  36  28
2065 2755  54  35  27
2065 2754  54  35  28
2066 2753  54  35  28
2068 2752  54  35  27
2068 2754  54  35  27
2066 2754  54  33  28
2067 2754  54  33  28
2067 2754  54  33  28
2069 2753  56  34  28
2071 2752  57  35  27
2073 2752  58  35  27
2076 2752  58  35  26
2076 2753  58  33  27
2077 2754  58  33  26
2079 2753  58  32  26
2081 2754  58  32  27
2084 2753  58  32  27
2087 2753  58  32  26
2088 2753  58  32  26
2089 2755  58  32  25
2089 2755  59  32  25
2091 2754  59  32  25
2092 2754  59  32  25
2091 2755  59  32  25
2089 2758  59  32  25
2087 2756  59  32  25
2081 2755  59  34  25
2074 2754  59  34  25
2061 2752  59  35  25
2045 2752  56  35  25
2022 2753  55  37  25
1996 2755  54  37  27
1965 2757  54  37  27
1929 2759  54  37  28
1887 2756  54  37  28
1845 2752  54  37  28
1804 2748  54  38  27
1759 2739  54  38  27
1715 2733  56  39  27
1675 2726  55  39  29
1638 2721  54  39  29
1600 2723  54  40  30
1568 2727  54  40  30
1542 2734  56  40  28
1522 2741  57  40  28
1508 2747  58  40  27
1499 2750  58  40  28
1494 2753  58  40  28
1491 2754  58  40  28
1491 2755  58  37  27
1494 2757  58  40  27
1501 2757  58  40  26
1515 2758  58  37  26
1535 2757  58  37  27
1559 2757  58  37  26
1592 2758  59  37  26
1625 2759  59  37  26
1658 2758  59  37  27
1695 2759  59  35  26
1734 2757  59  35  26
1769 2757  59  35  26
1803 2754  59  35  26
1838 2750  59  35  26
1873 2748  59  35  26
1908 2746  59  35  26
1937 2746  56  35  26
1963 2746  57  36  29
1989 2744  58  36  28
2010 2744  58  36  28
2028 2743  56  36  29
2044 2741  55  37  29
2055 2741  57  37  29
2063 2740  55  36  29
2067 2740  54  36  29
2069 2739  56  36  29
2071 2740  55  35  28
2069 2743  44  35  28
2067 2747  24  35  30
% 
