% .SEGMENT LETTER ? ? "0"
% 
% .PEN_DOWN
1721 2807   2  42  24
1721 2807   3  42  24
1722 2810   6  41  24
1723 2812   8  41  24
1723 2815   8  44  24
1724 2819  11  44  24
1724 2824  15  43  24
1723 2832  17  45  25
1722 2840  21  45  25
1722 2851  20  45  27
1719 2862  22  45  27
1716 2877  23  45  28
1713 2891  23  44  32
1709 2900  26  44  32
1706 2911  28  44  32
1702 2917  31  44  29
1697 2921  32  43  28
1692 2921  33  43  28
1688 2918  33  43  28
1682 2909  36  43  30
1676 2896  37  43  30
1672 2878  38  43  28
1667 2861  38  43  28
1663 2841  39  43  28
1661 2819  41  43  27
1659 2800  45  43  28
1659 2779  47  43  28
1659 2763  48  43  27
1662 2748  48  45  27
1665 2739  48  45  27
1670 2732  48  45  27
1675 2729  48  43  27
1680 2727  48  43  27
1688 2730  48  43  29
1694 2738  48  44  29
1702 2749  48  44  27
1707 2765  46  43  27
1712 2785  45  43  27
1718 2802  47  43  27
1723 2821  45  43  29
1729 2841  47  43  29
1731 2860  45  43  29
1732 2871  45  43  29
1733 2878  44  43  31
1734 2880  46  43  31
1733 2883  50  43  28
1734 2876  52  43  29
1730 2865  53  43  29
1728 2850  53  43  29
1726 2833  53  43  29
1724 2815  53  43  29
1725 2799  53  43  29
1726 2785  53  43  29
1728 2773  53  43  27
1732 2763  53  43  27
1738 2753  46  42  27
1744 2747  38  42  27
1753 2744  23  42  26
% 
% .PEN_UP
1762 2743   0  41  26
1772 2745   0  41  28
1782 2751   0  41  28
1792 2758   0  41  28
1802 2768   0  41  28
1813 2776   0  41  28
1827 2785   0  41  28
1839 2801   0  43  28
1856 2815   0  43  28
1865 2821   0  43  28
1877 2828   0  44  28
1882 2831   0  42  24
1886 2833   0  42  24
1886 2829   0  42  27
1882 2826   0  41  27
1876 2820   0  41  27
1872 2818   0  43  27
1868 2818   0  43  27
1863 2821   0  42  27
1860 2824   0  42  26
1857 2828   0  42  26
1855 2831   0  44  28
1854 2833   0  44  28
1853 2837   0  44  29
1853 2839   0  43  29
1854 2842   0  43  28
1853 2846   0  42  27
1854 2849   0  42  27
1854 2852   0  42  27
1854 2855   0  42  26
1854 2859   0  42  26
% 
% .PEN_DOWN
1854 2862   2  42  28
1854 2863   6  42  28
1855 2865   7  42  28
1855 2867  11  42  28
1855 2868  15  42  29
1854 2869  19  42  29
1854 2869  24  42  29
1852 2872  29  41  29
1852 2869  31  41  29
1850 2866  33  43  29
1849 2860  36  44  29
1846 2851  37  44  29
1844 2840  38  44  28
1842 2825  41  44  28
1843 2810  42  44  28
1841 2794  43  44  27
1843 2778  43  44  27
1845 2764  46  45  27
1849 2752  47  45  29
1856 2742  48  45  29
1862 2736  51  42  30
1870 2731  52  42  30
1878 2731  53  42  30
1885 2733  53  43  30
1894 2736  53  42  30
1902 2745  53  42  30
1909 2756  53  42  30
1915 2768  53  41  30
1920 2786  56  41  30
1923 2800  55  40  26
1926 2814  57  40  26
1927 2830  58  39  26
1927 2841  56  39  26
1924 2853  55  39  26
1923 2865  52  39  28
1921 2870  45  39  28
1918 2873  37  39  28
1916 2875  26  38  29
% 
% .PEN_UP
1914 2876   0  38  29
1911 2870   0  40  29
1910 2862   0  40  27
1910 2856   0  39  27
1912 2843   0  39  26
1915 2833   0  39  26
1918 2826   0  39  26
1921 2816   0  40  26
1927 2805   0  40  26
1933 2797   0  40  26
1938 2788   0  40  26
1942 2782   0  40  26
1944 2774   0  40  30
1944 2769   0  40  30
1944 2764   0  40  29
1947 2763   0  40  29
1947 2763   0  40  32
1948 2762   0  40  32
1946 2762   0  40  30
1944 2763   0  40  30
1943 2761   0  40  30
1943 2760   0  40  30
1940 2759   0  40  29
1940 2756   0  40  29
1939 2754   0  40  29
1937 2752   0  40  29
1936 2749   0  40  30
% 
% .PEN_DOWN
1936 2748  12  40  30
1937 2747  15  40  30
1940 2747  17  40  30
1941 2747  21  40  28
1942 2748  22  40  27
1944 2753  26  40  27
1946 2762  27  40  27
1948 2770  28  40  27
1950 2779  29  40  27
1952 2789  29  40  27
1953 2796  29  40  27
1951 2798  31  40  27
1951 2799  35  40  27
1948 2802  37  40  27
1946 2800  38  40  27
1943 2794  41  40  27
1939 2784  42  40  27
1937 2776  43  40  28
1936 2767  43  40  28
1934 2758  46  40  27
1934 2751  47  40  29
1936 2743  45  40  28
1941 2739  40  40  28
1947 2737  29  40  29
1954 2736  17  40  29
% 
% .PEN_UP
1961 2736   0  40  30
1967 2736   0  40  30
1971 2737   0  40  30
1976 2737   0  43  30
1979 2742   0  43  30
1982 2747   0  45  32
1984 2750   0  45  32
1985 2756   0  44  32
1986 2760   0  44  31
1984 2766   0  43  31
1983 2770   0  43  31
1981 2774   0  42  31
1980 2780   0  42  31
1979 2786   0  42  31
1978 2788   0  42  31
1978 2790   0  41  31
1978 2789   0  41  31
1975 2791   0  40  31
1975 2790   0  40  31
1975 2791   0  40  31
% 
% .PEN_DOWN
1974 2790  13  40  31
1974 2789  16  40  31
1973 2788  20  40  31
1974 2784  22  40  31
1976 2779  23  40  31
1976 2774  26  41  31
1977 2770  30  41  30
1978 2766  32  41  30
1977 2762  33  42  32
1978 2757  33  42  32
1979 2753  34  42  29
1980 2752  34  41  29
1979 2752  34  41  31
1979 2751  34  42  30
1979 2751  34  42  30
1980 2752  34  41  30
1981 2755  34  41  30
1981 2758  34  41  29
1982 2763  34  41  29
1985 2769  36  42  29
1986 2773  35  42  29
1988 2779  34  41  29
1991 2784  34  41  29
1993 2786  36  43  29
1997 2791  35  43  29
1999 2792  34  40  29
2002 2794  34  39  29
2003 2793  36  39  29
2005 2795  35  39  29
2007 2792  37  39  29
2008 2790  38  39  29
2007 2788  41  38  29
2007 2783  42  38  29
2006 2781  45  38  29
2006 2775  47  39  29
2003 2773  48  37  29
1999 2770  48  37  29
1995 2765  48  39  29
1992 2762  48  39  27
1989 2757  48  38  28
1987 2754  48  38  28
1987 2753  48  39  28
1987 2750  48  39  27
1989 2747  48  40  27
1992 2745  48  40  29
1997 2741  44  40  29
2000 2740  36  40  29
2008 2736  25  41  29
% 
% .PEN_UP
2015 2735   0  41  30
2022 2733   0  41  30
2031 2732   0  41  30
2037 2734   0  41  30
2047 2735   0  41  30
2054 2739   0  40  30
2062 2744   0  40  30
2074 2747   0  40  30
2083 2751   0  40  30
2089 2752   0  40  30
2093 2755   0  40  32
2094 2754   0  40  32
2094 2754   0  40  31
2094 2756   0  40  31
2093 2756   0  40  30
2090 2759   0  40  30
2084 2761   0  40  32
2081 2761   0  40  32
2075 2764   0  40  30
2072 2766   0  39  30
2068 2769   0  39  30
2064 2771   0  41  30
2061 2774   0  41  30
2058 2776   0  41  30
% 
% .PEN_DOWN
2055 2777   3  41  30
2052 2778   9  43  30
2049 2778  11  43  30
2046 2778  15  43  30
2043 2779  20  43  30
2038 2779  22  43  30
2035 2780  23  43  30
2031 2780  23  43  30
2029 2779  24  43  30
2025 2779  24  43  30
2022 2777  26  43  30
2021 2774  28  42  30
2020 2771  28  42  29
2021 2768  26  41  29
2024 2766  28  41  29
2027 2763  28  40  29
2033 2761  29  41  29
2039 2759  29  40  29
2046 2756  29  40  29
2053 2755  29  41  29
2059 2752  29  41  29
2063 2747  29  40  30
2064 2746  29  40  30
2066 2741  31  39  30
2065 2734  35  39  28
2064 2733  37  39  28
2061 2729  38  38  29
2057 2728  38  38  29
2054 2727  39  38  30
2049 2729  36  39  30
2044 2730  33  42  28
2041 2733  28  42  28
2036 2735  21  42  27
2033 2741  10  41  27
% 
% .PEN_UP
2030 2749   0  41  28
2028 2755   0  42  29
2030 2762   0  42  29
2031 2768   0  41  29
2033 2774   0  41  29
2039 2781   0  41  29
2046 2788   0  40  29
2054 2797   0  40  29
2061 2803   0  40  29
2069 2806   0  40  29
2075 2813   0  40  29
2081 2816   0  40  29
2084 2817   0  40  29
% 
% .PEN_DOWN
2085 2815  19  40  29
2086 2813  26  40  29
2087 2812  33  40  29
2087 2810  36  40  29
2090 2809  40  40  29
2090 2805  44  40  29
2091 2799  46  40  29
2091 2796  50  40  29
2092 2788  52  40  29
2091 2782  55  40  29
2090 2774  57  40  29
2089 2766  55  40  27
2090 2758  57  40  27
2091 2750  58  40  29
2092 2746  56  40  29
2094 2744  55  40  27
2096 2741  49  40  29
2100 2740  39  40  29
2103 2741  29  40  29
2107 2743  17  40  29
% 
% .PEN_UP
2111 2748   0  40  29
2113 2751   0  40  29
2113 2753   0  40  29
2114 2757   0  40  29
2114 2761   0  40  29
2112 2764   0  40  29
2111 2765   0  40  29
2107 2769   0  40  29
2103 2774   0  40  29
2099 2777   0  40  29
2093 2780   0  40  29
2090 2784   0  40  29
2084 2785   0  41  29
2080 2787   0  42  29
2076 2788   0  42  29
2074 2788   0  42  29
% 
% .PEN_DOWN
2072 2787  18  42  29
2072 2786  23  42  29
2072 2787  26  42  29
2075 2786  28  42  29
2078 2787  28  41  29
2083 2788  29  41  29
2090 2788  31  41  29
2094 2789  28  41  29
2101 2789  16  41  29
% 
% .PEN_UP
2108 2787   0  41  29
2112 2785   0  41  29
2116 2786   0  41  29
2120 2783   0  44  29
2123 2784   0  44  29
2125 2786   0  45  29
2129 2788   0  45  29
2136 2788   0  46  29
2145 2791   0  46  29
2148 2790   0  44  29
2153 2790   0  44  29
2155 2784   0  43  29
2156 2781   0  43  29
2154 2780   0  44  29
2150 2777   0  44  34
2147 2772   0  46  34
2144 2773   0  46  32
2137 2773   0  47  33
2132 2772   0  47  33
2128 2774   0  46  33
2125 2774   0  46  33
2122 2773   0  46  33
2119 2775   0  46  33
2117 2774   0  46  33
2114 2776   0  46  33
2115 2779   0  46  33
2114 2780   0  46  33
2112 2780   0  46  33
2114 2784   0  46  33
2113 2784   0  46  33
2113 2784   0  46  33
2114 2786   0  46  33
2115 2786   0  46  33
% 
% .PEN_DOWN
2115 2784   8  46  33
2114 2783  14  46  33
2114 2781  16  46  33
2115 2779  18  46  33
2116 2776  21  46  33
2118 2770  25  46  29
2119 2766  27  46  29
2119 2759  28  46  28
2118 2753  31  46  28
2118 2748  35  46  27
2119 2741  37  46  27
2119 2740  35  46  29
2119 2735  35  46  30
2118 2734  34  46  30
2118 2736  34  46  30
2118 2735  34  46  30
2118 2736  34  46  30
2118 2740  34  46  30
2117 2746  34  46  30
2118 2752  34  46  32
2121 2761  34  45  32
2123 2770  34  44  32
2126 2776  34  44  32
2129 2782  31  44  32
2133 2786  30  44  32
2136 2787  30  44  32
2139 2790  29  42  32
2141 2789  32  42  32
2141 2787  33  44  32
2141 2783  36  41  32
2141 2781  37  42  32
2142 2777  40  42  30
2140 2773  42  41  30
2137 2772  43  41  30
2135 2768  46  41  31
2133 2765  47  41  31
2132 2760  48  38  31
2130 2756  51  40  28
2128 2752  52  41  28
2126 2749  53  41  29
2126 2749  51  40  29
2126 2745  50  40  30
2127 2742  49  40  28
2131 2739  46  40  28
2134 2736  40  41  28
2139 2736  32  41  29
2146 2734  23  41  29
2153 2733  11  42  30
% 
% .PEN_UP
2160 2734   0  42  30
2166 2734   0  42  28
2168 2735   0  41  28
2174 2733   0  41  29
2178 2736   0  41  30
2182 2738   0  41  30
2187 2739   0  42  30
2192 2740   0  42  32
2197 2741   0  40  32
2201 2742   0  40  34
2203 2744   0  41  32
2204 2746   0  41  32
2205 2749   0  40  32
2205 2749   0  40  33
2207 2752   0  39  31
2206 2753   0  39  31
2205 2754   0  38  31
% 
% .PEN_DOWN
2206 2757   8  38  30
2206 2761  11  38  30
2207 2765  13  38  29
2207 2770  13  38  29
2207 2774  16  38  29
2206 2778  20  38  29
2202 2783  25  38  29
2200 2787  29  39  29
2196 2788  34  40  29
2192 2789  36  40  29
2187 2789  38  40  29
2182 2786  38  41  29
2178 2783  38  41  29
2174 2780  39  42  31
2169 2774  39  42  31
2165 2764  39  42  31
2163 2755  39  42  31
2160 2745  39  42  31
2160 2736  39  42  31
2160 2730  41  42  31
2164 2725  40  42  31
2168 2722  42  42  31
2173 2723  40  41  29
2177 2724  42  41  29
2182 2728  43  41  30
2190 2735  41  39  30
2197 2744  40  39  31
2202 2753  37  38  30
2208 2760  33  38  30
2209 2764  31  38  30
2213 2767  30  38  29
2213 2768  29  38  29
2215 2766  29  38  29
2215 2765  29  38  29
2215 2760  31  38  29
2216 2752  33  38  29
2217 2747  33  38  27
2218 2741  36  38  29
2219 2734  37  38  29
2220 2733  38  38  29
2222 2730  38  37  30
2223 2729  39  39  30
2225 2731  39  39  30
2227 2734  39  37  30
2230 2740  39  37  30
2233 2750  39  36  29
2235 2758  39  36  29
2237 2769  39  36  29
2239 2779  39  36  29
2241 2792  36  36  29
2243 2798  35  36  29
2245 2804  37  36  29
2244 2810  38  36  29
2244 2811  38  36  29
2243 2815  41  36  29
2242 2813  45  36  29
2242 2811  47  36  29
2242 2808  50  36  29
2240 2804  52  36  29
2239 2797  53  36  29
2240 2788  56  36  29
2241 2778  57  36  29
2242 2770  55  36  27
2243 2763  57  36  27
2245 2756  58  36  28
2247 2749  56  36  28
2249 2744  57  36  29
2252 2742  55  36  28
2256 2740  54  36  30
2259 2738  49  36  30
2261 2738  41  36  28
2265 2742  30  36  29
2268 2746  17  36  29
% 
% .PEN_UP
2269 2754   0  36  29
2271 2760   0  36  29
2271 2767   0  36  29
2272 2771   0  36  29
2270 2775   0  36  29
2269 2778   0  36  29
2266 2779   0  36  29
2262 2782   0  36  29
2259 2783   0  36  29
2255 2786   0  36  29
2251 2784   0  36  29
2246 2781   0  36  29
% 
% .PEN_DOWN
2243 2780  28  36  29
2241 2780  38  36  29
2239 2779  46  36  29
2238 2779  50  36  29
2240 2779  52  36  29
2242 2779  53  36  29
2246 2781  53  36  29
2251 2782  51  36  29
2255 2782  45  36  29
2261 2782  34  36  29
2266 2782  17  36  29
% 
% .PEN_UP
2270 2782   0  37  29
2275 2781   0  37  29
2277 2780   0  37  29
2282 2780   0  40  29
2288 2780   0  40  29
2291 2779   0  40  29
2298 2777   0  40  29
2305 2779   0  41  29
2309 2777   0  41  29
2313 2776   0  42  29
2314 2772   0  42  29
2317 2764   0  42  32
2315 2760   0  42  32
2313 2756   0  43  32
2309 2750   0  43  31
2307 2749   0  43  31
2304 2747   0  43  30
2299 2746   0  43  32
2297 2747   0  43  32
2294 2747   0  40  32
2292 2749   0  40  31
2290 2750   0  41  32
2287 2751   0  41  32
2286 2750   0  39  32
2285 2749   0  39  31
2284 2750   0  37  28
2285 2749   0  37  28
2284 2750   0  39  28
2283 2749   0  39  29
2283 2748   0  40  29
% 
% .PEN_DOWN
2282 2748   6  40  29
2281 2748   7  40  30
2282 2748  11  40  30
2282 2749  13  40  30
2282 2749  16  40  30
2282 2750  20  38  30
2283 2751  22  38  30
2284 2755  25  37  30
2285 2759  30  37  29
2287 2763  32  37  29
2288 2768  33  37  29
2291 2773  33  37  29
2293 2781  33  37  29
2293 2786  34  39  29
2294 2790  34  39  29
2296 2792  31  40  29
2296 2791  33  40  29
2296 2792  36  40  29
2296 2793  40  40  29
2295 2787  42  41  29
2294 2783  45  41  29
2294 2776  47  41  31
2296 2769  45  41  31
2297 2766  47  41  31
2301 2762  48  41  32
2307 2758  46  39  31
2310 2756  47  39  31
2318 2756  48  41  31
2323 2756  48  37  28
2328 2756  48  38  28
2333 2758  48  38  29
2335 2760  48  37  29
2336 2761  48  37  30
2334 2764  48  36  29
2334 2766  48  36  29
2331 2768  48  36  29
2324 2772  48  36  29
2315 2777  49  39  29
2306 2780  51  37  29
2293 2783  52  37  29
2279 2784  53  37  29
2262 2785  53  37  29
2240 2784  53  39  29
2214 2783  51  39  29
2184 2782  52  39  29
2154 2780  50  41  29
2122 2779  49  41  29
2090 2780  49  43  29
2055 2779  51  43  29
2020 2777  52  42  29
1989 2774  50  42  29
1957 2771  52  42  29
1925 2768  50  42  29
1893 2766  49  42  29
1861 2764  51  42  29
1833 2763  52  42  29
1806 2762  53  42  31
1781 2761  53  42  30
1756 2759  53  42  30
1732 2758  53  44  30
1712 2754  53  44  30
1694 2753  53  44  30
1680 2752  53  44  30
1672 2752  53  44  30
1667 2752  53  44  30
1665 2752  53  44  30
1667 2752  54  42  30
1671 2752  54  42  30
1681 2751  54  42  28
1696 2750  54  42  28
1717 2752  54  42  27
1745 2750  56  40  26
1774 2752  57  40  26
1808 2751  58  41  26
1848 2751  58  41  28
1892 2752  58  41  28
1937 2755  58  38  29
1984 2755  58  38  29
2035 2758  58  38  31
2083 2762  58  37  31
2132 2762  56  37  32
2181 2762  55  36  32
2225 2762  54  36  32
2264 2762  54  37  32
2304 2759  54  37  32
2340 2760  54  36  32
2373 2761  54  36  32
2401 2762  54  36  32
2425 2763  54  36  32
2449 2764  54  36  35
2469 2763  54  36  32
2489 2763  51  35  32
2503 2762  38  35  35
% 
