% .SEGMENT LETTER ? ? "0"
% 
% .PEN_DOWN
1697 2817   3  42  11
1697 2823   6  42  19
1696 2828   8  42  19
1695 2834   8  42  22
1694 2842  11  42  26
1694 2851  13  42  26
1693 2859  14  42  26
1691 2864  16  42  28
1689 2871  20  41  28
1686 2873  25  41  28
1684 2876  27  41  28
1679 2879  28  41  28
1676 2878  31  43  28
1671 2873  32  43  29
1667 2868  33  43  29
1662 2858  33  43  27
1658 2847  34  43  27
1655 2832  34  43  27
1651 2817  34  43  27
1647 2803  36  43  27
1645 2788  40  43  27
1643 2774  42  43  26
1644 2759  43  43  26
1647 2747  43  43  28
1649 2736  44  43  28
1653 2727  44  43  28
1656 2721  46  43  28
1660 2715  47  43  28
1664 2715  48  41  27
1668 2718  48  41  27
1674 2722  48  41  27
1679 2734  48  41  27
1685 2749  48  43  27
1689 2763  46  42  27
1694 2781  47  42  27
1697 2795  46  42  27
1699 2808  45  42  27
1702 2824  44  42  24
1703 2835  44  42  24
1703 2841  44  42  27
1702 2846  44  44  27
1702 2847  46  44  27
1700 2845  47  43  27
1698 2839  48  43  27
1697 2827  48  44  27
1696 2818  48  44  27
1697 2805  48  45  27
1698 2793  48  41  27
1699 2782  48  41  27
1702 2768  48  41  26
1706 2756  48  40  26
1711 2748  41  40  26
1718 2739  30  40  26
1726 2734  15  40  26
% 
% .PEN_UP
1735 2730   0  38  26
1743 2727   0  38  26
1753 2726   0  37  26
1766 2730   0  37  28
1777 2738   0  37  29
1791 2743   0  37  29
1804 2755   0  39  29
1815 2763   0  39  29
1829 2775   0  42  29
1840 2781   0  40  29
1848 2784   0  40  29
1855 2794   0  40  29
1854 2793   0  43  29
1855 2796   0  43  29
1854 2795   0  43  29
1849 2797   0  43  29
1844 2795   0  44  29
1839 2797   0  44  29
1834 2796   0  43  29
1830 2802   0  43  29
1829 2806   0  44  29
1827 2811   0  44  29
1826 2815   0  44  29
1826 2821   0  44  30
1824 2829   0  42  28
1824 2834   0  42  28
1825 2838   0  43  28
1825 2842   0  43  27
1827 2845   0  42  26
1828 2848   0  42  26
1828 2851   0  41  26
% 
% .PEN_DOWN
1828 2855   3  41  26
1829 2858   6  41  26
1830 2860   8  41  26
1829 2862  11  41  28
1828 2864  15  41  28
1828 2865  19  41  28
1827 2866  24  41  29
1825 2864  29  40  29
1824 2862  31  40  29
1823 2857  33  40  29
1822 2846  36  40  28
1821 2834  37  40  28
1819 2822  40  40  28
1817 2807  42  40  28
1817 2791  45  40  28
1820 2774  47  42  28
1823 2758  48  42  29
1827 2744  51  43  28
1832 2732  50  43  28
1838 2721  52  42  28
1844 2715  50  42  28
1853 2715  49  42  28
1862 2718  49  43  27
1871 2725  49  43  27
1879 2736  49  43  27
1887 2750  49  42  27
1892 2767  49  42  27
1895 2785  49  41  27
1899 2801  49  41  27
1899 2817  49  41  27
1900 2835  49  41  26
1899 2850  49  41  26
1895 2864  46  41  28
1892 2871  42  41  28
1889 2876  36  41  28
1888 2878  25  40  28
1885 2876  12  40  27
% 
% .PEN_UP
1883 2870   0  40  26
1881 2859   0  40  26
1880 2849   0  38  26
1880 2838   0  38  23
1883 2826   0  40  23
1885 2816   0  41  23
1887 2807   0  41  23
1892 2799   0  41  23
1896 2789   0  40  23
1900 2778   0  39  28
1902 2772   0  39  28
1905 2763   0  39  31
1907 2757   0  41  31
1909 2754   0  40  30
1909 2751   0  40  30
1910 2748   0  40  30
1909 2747   0  41  30
1909 2746   0  42  30
1908 2746   0  42  30
% 
% .PEN_DOWN
1909 2746   4  42  30
1911 2748   9  42  30
1911 2751  14  42  30
1914 2754  17  40  31
1917 2763  20  40  31
1920 2770  25  40  31
1923 2781  27  40  31
1925 2792  28  38  31
1928 2798  31  38  31
1927 2806  32  37  31
1926 2811  38  37  31
1925 2812  43  38  31
1921 2809  46  38  31
1917 2804  50  38  31
1911 2796  49  38  31
1908 2787  51  38  31
1908 2776  52  38  30
1906 2767  53  38  27
1909 2758  53  38  28
1911 2752  51  38  28
1915 2747  47  38  27
1921 2740  36  37  27
1928 2740  20  37  26
% 
% .PEN_UP
1936 2737   0  37  26
1945 2739   0  37  26
1950 2739   0  37  26
1956 2741   0  37  28
1963 2743   0  39  29
1968 2745   0  39  29
1974 2748   0  42  29
1980 2752   0  42  29
1984 2756   0  43  32
1988 2761   0  43  32
1989 2765   0  44  32
1988 2767   0  44  31
1985 2771   0  41  31
1982 2770   0  41  30
1978 2774   0  41  30
1975 2777   0  41  30
1972 2779   0  44  30
1969 2783   0  44  30
1966 2782   0  44  30
1962 2785   0  44  30
1961 2786   0  44  30
1958 2787   0  44  30
1957 2787   0  44  30
1958 2787   0  44  30
1957 2790   0  44  30
1956 2789   0  44  30
1957 2790   0  44  30
1957 2791   0  44  30
1957 2793   0  44  30
1957 2795   0  44  30
1957 2795   0  44  30
1957 2795   0  44  30
1957 2796   0  44  30
% 
% .PEN_DOWN
1957 2794   3  44  30
1957 2793   6  44  30
1958 2791  10  44  30
1960 2788  12  44  30
1961 2783  13  44  30
1962 2778  14  44  30
1963 2773  16  44  31
1965 2769  18  44  31
1965 2765  21  44  30
1965 2761  20  44  30
1965 2757  19  44  30
1966 2756  22  44  30
1966 2754  23  44  32
1966 2751  23  44  31
1965 2751  24  44  31
1965 2753  24  44  31
1966 2757  24  44  30
1966 2762  24  44  31
1965 2767  24  44  31
1967 2774  26  44  31
1969 2781  25  41  31
1972 2788  25  42  31
1973 2794  24  42  31
1976 2797  24  41  31
1978 2798  24  41  31
1980 2799  24  38  31
1982 2799  27  38  31
1984 2799  28  41  31
1985 2796  28  41  31
1985 2792  29  41  31
1984 2788  31  41  31
1983 2785  32  40  31
1982 2781  33  38  31
1979 2778  33  40  31
1976 2774  36  40  28
1973 2771  40  38  28
1970 2767  42  38  28
1966 2762  43  38  28
1964 2756  43  38  27
1965 2752  44  38  27
1964 2749  44  38  26
1965 2749  41  38  26
1969 2747  35  39  26
1973 2746  27  39  26
1980 2743  16  39  28
% 
% .PEN_UP
1987 2742   0  40  28
1993 2743   0  40  29
1999 2744   0  39  29
2003 2743   0  39  29
2011 2745   0  40  29
2016 2749   0  40  32
2024 2754   0  38  32
2031 2757   0  38  33
2037 2760   0  40  33
2043 2761   0  40  33
2047 2765   0  39  33
2049 2766   0  39  33
2052 2768   0  39  33
2053 2772   0  39  33
2054 2775   0  40  33
2054 2778   0  40  33
2052 2783   0  41  33
2049 2785   0  41  33
% 
% .PEN_DOWN
2046 2787   9  41  33
2040 2790  14  41  33
2035 2795  22  38  33
2031 2797  25  38  33
2026 2796  27  39  33
2021 2796  30  39  33
2015 2796  32  38  33
2012 2794  33  38  33
2009 2794  33  40  33
2007 2791  34  40  33
2006 2790  34  41  33
2006 2789  34  41  33
2009 2789  31  41  33
2015 2785  30  41  33
2021 2782  30  40  33
2030 2778  29  40  33
2036 2775  29  40  33
2044 2769  29  40  31
2050 2764  29  41  30
2052 2759  29  41  30
2056 2754  29  41  30
2055 2751  31  41  30
2053 2743  35  41  28
2051 2738  37  41  28
2047 2737  40  39  28
2040 2731  40  39  28
2035 2729  39  37  28
2028 2732  36  40  27
2024 2733  30  40  27
2017 2736  22  40  27
2014 2741  16  39  27
2011 2747   8  39  28
% 
% .PEN_UP
2011 2756   0  39  28
2014 2762   0  39  28
2017 2770   0  39  28
2022 2777   0  39  28
2026 2782   0  40  28
2032 2791   0  40  28
2039 2798   0  38  28
2046 2802   0  38  28
2053 2807   0  38  28
2060 2814   0  38  28
2064 2817   0  38  28
2067 2818   0  38  28
% 
% .PEN_DOWN
2069 2818  12  38  28
2070 2815  23  38  28
2072 2812  31  37  28
2073 2806  37  38  28
2072 2801  40  38  28
2074 2797  42  38  28
2074 2788  45  38  28
2074 2778  47  38  29
2073 2770  48  39  29
2073 2760  48  39  29
2073 2752  48  39  30
2074 2745  48  39  30
2074 2740  48  37  30
2075 2737  48  37  30
2078 2734  44  36  30
2082 2732  34  36  30
2086 2733  24  36  30
% 
% .PEN_UP
2091 2736   0  36  28
2093 2742   0  36  28
2097 2744   0  36  29
2097 2749   0  36  29
2099 2754   0  36  29
2099 2759   0  36  29
2097 2763   0  36  31
2094 2770   0  36  31
2089 2776   0  38  31
2083 2781   0  38  31
2077 2784   0  38  31
2071 2788   0  38  31
2065 2790   0  38  31
2059 2790   0  38  31
2054 2789   0  38  31
% 
% .PEN_DOWN
2052 2789  19  38  31
2051 2789  24  38  31
2051 2787  27  39  31
2053 2788  28  39  31
2055 2790  28  39  31
2062 2792  29  39  31
2068 2792  26  39  31
2073 2793  15  39  31
% 
% .PEN_UP
2081 2791   0  39  31
2087 2790   0  39  31
2093 2788   0  39  31
2098 2785   0  39  31
2105 2785   0  39  31
2111 2787   0  39  31
2121 2789   0  39  31
2132 2790   0  39  31
2144 2790   0  40  31
2154 2789   0  40  31
2165 2788   0  39  31
2173 2785   0  38  31
2177 2782   0  38  31
2178 2777   0  38  30
2175 2772   0  37  30
2170 2768   0  39  29
2163 2765   0  39  29
2155 2762   0  39  29
2148 2759   0  41  29
2139 2757   0  41  29
2132 2755   0  42  29
2128 2755   0  42  29
2124 2757   0  42  29
2120 2758   0  42  31
2118 2761   0  42  30
2115 2763   0  42  30
2116 2766   0  42  30
2115 2768   0  42  34
2113 2773   0  42  34
2112 2774   0  42  34
2111 2777   0  42  34
2109 2779   0  42  34
2108 2779   0  42  34
2108 2782   0  42  34
2108 2783   0  42  34
2106 2785   0  42  34
2104 2787   0  42  34
2104 2788   0  42  34
2103 2788   0  42  34
2103 2787   0  42  34
% 
% .PEN_DOWN
2102 2784   7  42  34
2102 2783  11  42  34
2104 2780  12  42  34
2105 2776  16  42  32
2108 2769  20  42  32
2109 2762  24  42  31
2110 2754  29  42  31
2110 2746  31  42  29
2110 2740  35  42  29
2110 2736  34  42  28
2111 2732  34  42  29
2111 2733  36  42  29
2112 2734  38  42  29
2110 2733  36  42  28
2110 2735  35  42  28
2108 2741  34  42  29
2109 2750  34  42  29
2110 2756  34  42  31
2111 2765  34  42  31
2113 2773  34  42  31
2115 2780  34  42  31
2118 2786  31  42  31
2122 2793  33  41  31
2125 2796  31  41  31
2128 2799  30  40  31
2131 2796  29  40  31
2131 2795  29  40  31
2133 2792  31  40  31
2134 2789  35  41  31
2134 2784  39  41  31
2132 2781  42  40  31
2130 2777  43  40  30
2127 2773  46  40  29
2124 2769  47  40  29
2121 2764  48  40  29
2120 2760  48  40  29
2118 2756  48  40  29
2115 2752  48  40  28
2116 2747  48  40  28
2115 2744  48  40  29
2117 2741  46  40  28
2118 2738  40  40  28
2122 2735  29  40  28
2127 2731  17  40  27
% 
% .PEN_UP
2133 2728   0  39  27
2139 2727   0  37  29
2148 2726   0  37  29
2156 2730   0  37  30
2164 2733   0  39  30
2172 2737   0  39  28
2178 2740   0  40  26
2184 2744   0  40  26
2188 2748   0  41  26
2191 2754   0  41  28
2194 2760   0  39  28
2195 2764   0  39  28
2196 2766   0  38  28
2196 2771   0  38  28
% 
% .PEN_DOWN
2196 2774  11  37  28
2195 2780  15  37  28
2193 2784  19  39  28
2191 2791  22  39  28
2187 2796  25  39  28
2185 2799  30  39  28
2182 2800  34  39  28
2177 2800  39  39  28
2174 2797  41  39  28
2168 2791  43  39  28
2163 2786  43  39  28
2160 2777  43  39  29
2156 2768  46  38  29
2154 2759  47  38  29
2155 2750  48  38  29
2156 2744  48  38  28
2158 2739  48  38  27
2160 2735  48  38  27
2165 2734  48  38  27
2169 2733  48  38  27
2174 2736  48  37  27
2179 2740  46  39  26
2185 2745  42  39  26
2189 2750  41  39  26
2192 2755  40  38  26
2194 2757  37  38  29
2195 2757  35  37  31
2198 2754  32  37  31
2200 2748  31  37  31
2202 2740  32  37  31
2203 2734  33  38  31
2205 2729  31  38  31
2208 2725  32  38  31
2209 2724  33  38  31
2212 2724  33  38  31
2214 2728  31  38  30
2216 2736  32  36  32
2219 2743  33  36  32
2221 2754  33  36  32
2223 2763  34  36  32
2224 2773  34  35  32
2225 2782  34  35  32
2227 2792  34  35  32
2225 2797  34  35  32
2226 2803  34  35  32
2227 2806  36  35  32
2226 2807  40  35  32
2226 2808  42  35  32
2224 2805  45  35  32
2225 2801  47  35  32
2225 2797  48  35  32
2224 2790  51  35  32
2224 2781  52  35  32
2223 2770  53  35  30
2223 2756  53  35  30
2226 2745  53  35  30
2227 2733  53  35  30
2230 2723  53  35  29
2233 2717  51  35  29
2236 2711  50  35  28
2238 2708  47  35  28
2243 2710  43  35  28
2246 2716  33  35  28
2248 2722  21  35  29
% 
% .PEN_UP
2250 2731   0  35  29
2252 2740   0  35  29
2252 2746   0  35  29
2251 2753   0  35  29
2250 2759   0  35  29
2249 2763   0  35  31
2245 2765   0  35  31
2240 2769   0  35  32
2233 2772   0  37  32
2227 2770   0  37  30
2222 2769   0  38  30
2217 2768   0  38  29
% 
% .PEN_DOWN
2212 2768  29  38  29
2210 2768  36  38  29
2211 2766  40  36  29
2214 2766  42  36  29
2215 2769  43  37  29
2221 2769  43  37  29
2227 2770  44  36  29
2232 2771  34  36  29
2239 2770  19  36  29
% 
% .PEN_UP
2244 2769   0  36  29
2247 2767   0  36  29
2251 2766   0  36  29
2255 2760   0  36  29
2259 2757   0  36  29
2263 2756   0  36  29
2264 2754   0  36  29
2267 2752   0  36  29
2270 2750   0  36  29
2270 2748   0  36  29
2271 2745   0  36  29
2271 2738   0  36  29
2271 2737   0  36  30
2269 2733   0  36  30
2265 2734   0  36  30
2264 2730   0  36  30
2262 2726   0  36  30
2258 2726   0  36  30
2258 2727   0  36  30
2257 2726   0  36  30
2257 2726   0  36  30
2258 2724   0  36  30
2258 2723   0  36  29
2257 2724   0  36  29
2257 2723   0  36  30
% 
% .PEN_DOWN
2258 2723   3  36  30
2259 2724   9  36  30
2260 2726  14  36  30
2263 2731  16  36  28
2265 2736  20  36  28
2268 2742  22  36  29
2269 2750  23  36  29
2272 2760  26  36  29
2273 2768  28  36  29
2276 2773  26  36  29
2275 2778  27  36  29
2277 2784  28  36  29
2276 2786  31  36  29
2274 2790  35  36  29
2272 2790  39  36  29
2269 2788  39  36  29
2267 2784  41  36  29
2266 2783  40  36  29
2265 2781  39  36  29
2264 2774  39  36  29
2263 2771  39  36  29
2263 2766  39  36  31
2267 2761  41  36  30
2270 2757  40  36  30
2275 2754  39  36  30
2281 2752  42  37  30
2290 2752  40  37  30
2296 2753  39  37  29
2304 2754  39  37  29
2314 2757  39  37  29
2319 2761  39  36  29
2323 2761  39  36  29
2324 2762  39  36  29
2323 2765  41  36  29
2322 2766  43  35  29
2317 2768  46  36  29
2311 2771  50  36  29
2303 2771  49  36  29
2290 2775  51  36  29
2276 2777  50  36  29
2257 2776  52  36  29
2231 2775  50  36  29
2198 2772  49  35  29
2162 2769  49  35  29
2124 2766  49  35  29
2084 2765  51  35  29
2038 2766  50  36  29
1996 2766  52  36  29
1953 2769  50  37  29
1910 2773  49  37  29
1867 2775  49  41  29
1828 2778  49  41  29
1792 2779  49  42  29
1753 2777  49  42  29
1715 2778  49  43  29
1683 2777  49  43  29
1651 2774  49  41  29
1623 2775  49  41  29
1598 2774  49  41  29
1579 2772  49  41  29
1568 2772  49  40  29
1563 2771  49  40  29
1563 2772  49  40  29
1571 2774  49  40  29
1585 2775  49  39  29
1607 2776  51  39  29
1633 2779  52  39  29
1666 2783  53  39  29
1707 2785  53  36  29
1750 2786  53  36  29
1797 2785  53  37  29
1850 2786  53  37  29
1903 2786  53  37  29
1956 2784  53  37  29
2009 2781  53  34  29
2060 2780  53  34  29
2105 2779  53  34  29
2149 2779  54  34  29
2190 2779  54  33  29
2224 2780  54  33  29
2251 2779  54  32  29
2275 2781  54  32  29
2293 2781  51  33  29
2310 2780  50  35  29
2322 2781  37  34  29
% 
