% .SEGMENT LETTER ? ? "0"
% 
% .PEN_DOWN
1598 2841   4  41  25
1599 2843   7  39  25
1599 2844  11  38  26
1600 2845  12  38  26
1601 2848  16  38  24
1601 2855  17  38  24
1601 2859  21  38  25
1602 2866  22  38  25
1601 2873  23  38  25
1600 2881  24  38  25
1596 2891  24  38  27
1593 2898  26  39  25
1589 2906  28  39  25
1585 2913  28  40  25
1580 2917  31  40  27
1573 2920  32  44  27
1569 2921  33  43  29
1563 2921  33  43  29
1557 2919  36  43  30
1551 2914  37  43  30
1546 2906  36  43  31
1541 2898  37  44  28
1536 2884  38  44  28
1531 2867  38  45  28
1530 2850  41  45  27
1527 2830  42  45  27
1527 2810  43  45  27
1527 2790  43  45  27
1529 2771  46  45  28
1530 2758  50  45  28
1534 2745  52  43  27
1539 2736  53  43  27
1545 2729  53  43  25
1551 2730  53  41  25
1559 2736  53  41  24
1570 2748  53  40  24
1579 2763  53  40  25
1589 2781  51  40  25
1595 2800  50  39  25
1603 2816  47  39  25
1610 2832  45  39  25
1614 2848  45  39  25
1616 2861  42  39  25
1616 2871  43  38  25
1615 2882  41  38  25
1614 2885  45  38  25
1613 2887  47  38  27
1611 2884  50  38  28
1610 2880  52  38  28
1609 2870  53  40  28
1606 2858  53  40  27
1606 2844  53  41  27
1606 2827  53  41  27
1608 2808  56  43  27
1610 2793  55  43  27
1612 2779  57  41  27
1616 2769  58  42  28
1621 2760  58  42  28
1628 2754  56  42  27
1635 2752  45  42  27
1643 2753  30  42  27
% 
% .PEN_UP
1651 2757   0  42  27
1658 2758   0  42  28
1661 2760   0  42  28
1664 2763   0  42  27
1668 2771   0  42  31
1676 2778   0  42  31
1690 2786   0  42  31
1703 2798   0  42  31
1716 2805   0  40  31
1728 2804   0  41  31
1739 2811   0  41  31
1747 2805   0  41  31
1751 2808   0  37  31
1752 2804   0  37  31
1754 2802   0  39  31
1756 2800   0  39  31
1755 2798   0  39  31
1753 2799   0  39  31
1748 2799   0  41  31
1744 2801   0  41  31
1739 2802   0  41  31
1736 2804   0  43  31
1733 2809   0  43  31
1731 2811   0  43  31
1729 2815   0  43  31
1728 2820   0  43  31
1727 2826   0  43  31
1727 2833   0  43  31
1728 2838   0  43  31
1729 2842   0  42  28
1730 2848   0  42  28
1731 2851   0  42  27
1731 2856   0  43  27
1732 2861   0  43  29
1731 2864   0  43  29
1732 2869   0  43  27
% 
% .PEN_DOWN
1732 2872   3  43  27
1732 2876   6  43  26
1732 2881  10  43  26
1731 2885  12  43  25
1731 2889  16  43  25
1730 2893  17  43  25
1730 2896  21  43  25
1729 2899  22  43  27
1728 2901  26  43  29
1726 2902  30  43  29
1724 2902  32  43  29
1722 2899  33  43  29
1721 2896  33  43  29
1718 2893  36  44  29
1718 2886  37  44  29
1718 2880  41  44  29
1717 2873  42  45  30
1713 2866  43  45  29
1711 2855  46  45  29
1711 2843  47  45  30
1710 2832  48  46  30
1709 2816  51  46  30
1710 2803  52  46  30
1713 2790  53  46  30
1718 2775  56  44  30
1722 2764  57  44  28
1727 2754  58  41  28
1734 2745  58  43  27
1743 2738  58  43  27
1750 2735  61  43  25
1758 2735  60  42  25
1767 2739  59  42  24
1776 2744  59  40  24
1785 2751  59  40  25
1790 2763  59  40  25
1796 2776  59  40  25
1799 2790  59  40  25
1801 2805  59  40  25
1802 2817  59  40  25
1802 2831  56  40  25
1802 2846  55  40  25
1801 2861  52  40  26
1799 2874  50  40  26
1799 2886  47  40  27
1795 2896  43  40  27
1792 2903  38  40  28
1790 2906  29  40  28
1790 2906  19  40  30
% 
% .PEN_UP
1788 2900   0  40  30
1786 2890   0  40  29
1785 2878   0  40  27
1785 2864   0  40  27
1785 2850   0  40  27
1787 2840   0  40  27
1791 2829   0  40  27
1796 2820   0  40  27
1797 2812   0  40  27
1799 2803   0  40  27
1802 2796   0  40  27
1805 2790   0  40  27
1806 2785   0  40  26
1807 2781   0  40  26
1809 2776   0  40  26
1811 2771   0  40  28
1812 2767   0  40  27
1814 2763   0  40  27
1814 2762   0  40  27
1813 2758   0  40  26
% 
% .PEN_DOWN
1814 2755  19  40  26
1815 2756  22  40  26
1816 2757  25  40  26
1818 2761  30  40  26
1821 2767  32  40  26
1823 2776  33  40  28
1826 2785  33  40  28
1829 2796  33  40  28
1831 2805  36  41  28
1832 2810  37  41  28
1832 2817  38  41  28
1830 2819  41  41  28
1828 2819  45  40  28
1825 2818  47  40  28
1823 2813  50  42  28
1819 2806  52  42  28
1818 2798  53  42  28
1815 2788  56  42  28
1815 2779  57  42  28
1816 2769  58  42  28
1818 2762  58  42  28
1822 2758  53  42  27
1826 2755  44  43  27
1834 2753  29  43  27
% 
% .PEN_UP
1843 2754   0  43  27
1850 2754   0  43  26
1856 2753   0  43  26
1865 2756   0  42  26
1873 2758   0  42  26
1884 2761   0  42  28
1894 2764   0  40  28
1902 2767   0  40  29
1910 2771   0  40  29
1916 2772   0  37  29
1923 2774   0  37  29
1926 2774   0  37  32
1928 2773   0  36  32
1927 2772   0  36  30
1924 2773   0  36  30
1920 2775   0  36  29
1914 2777   0  37  29
1905 2780   0  39  29
1896 2782   0  39  29
1890 2783   0  39  31
1883 2785   0  42  31
1878 2785   0  42  31
% 
% .PEN_DOWN
1873 2787   3  42  31
1870 2788   4  42  31
1866 2788   4  42  31
1864 2790   2  42  31
1863 2793   1  42  31
% 
% .PEN_UP
1863 2796   0  42  31
1863 2800   0  42  31
1861 2802   0  42  31
% 
% .PEN_DOWN
1860 2803   2  42  31
1860 2806   3  42  31
1859 2807   4  42  31
1859 2808   6  42  31
1859 2810   8  42  31
1860 2811  11  42  31
1859 2809  15  40  31
1860 2809  17  40  31
1860 2807  21  41  31
1862 2803  22  41  31
1862 2796  26  44  31
1863 2787  27  44  31
1865 2779  31  45  31
1864 2771  32  46  30
1866 2762  35  46  30
1864 2754  37  46  30
1866 2746  38  44  30
1867 2744  38  44  29
1865 2742  39  43  28
1866 2743  39  43  28
1865 2743  39  43  28
1864 2745  39  43  27
1865 2748  39  41  29
1864 2755  39  41  29
1867 2760  39  40  29
1870 2769  39  40  29
1873 2776  39  39  29
1877 2786  39  39  29
1881 2793  39  39  29
1887 2801  39  39  29
1891 2807  39  40  29
1893 2808  39  40  29
1895 2811  41  42  29
1899 2807  43  42  29
1899 2804  46  44  29
1899 2802  45  44  29
1898 2799  44  42  29
1895 2794  44  41  29
1894 2790  44  41  29
1891 2786  46  41  29
1886 2782  45  41  29
1881 2776  47  41  29
1878 2771  45  40  29
1875 2765  47  40  29
1875 2761  48  41  29
1874 2756  48  41  27
1875 2753  46  42  27
1879 2752  45  42  27
1882 2749  42  41  27
1888 2748  35  41  27
1893 2747  27  43  27
1900 2747  18  42  27
1907 2747   9  42  27
% 
% .PEN_UP
1915 2749   0  42  29
1922 2746   0  41  29
1928 2746   0  41  29
1932 2748   0  40  30
1938 2750   0  40  30
1941 2755   0  40  30
1945 2761   0  40  28
1948 2767   0  40  28
1950 2769   0  40  28
1954 2775   0  40  29
1956 2779   0  40  29
1958 2783   0  40  29
1961 2788   0  40  29
1959 2792   0  40  29
1959 2794   0  40  29
1957 2797   0  40  29
% 
% .PEN_DOWN
1955 2799  18  40  29
1952 2802  21  40  29
1947 2807  27  40  29
1944 2809  31  40  29
1940 2811  35  40  29
1936 2810  37  40  29
1931 2807  38  40  29
1928 2804  41  41  29
1923 2802  42  41  29
1920 2798  45  42  29
1919 2796  45  42  29
1919 2793  47  42  29
1920 2791  48  42  29
1923 2790  48  42  29
1929 2787  48  41  29
1935 2784  48  41  29
1942 2781  48  41  29
1949 2779  48  41  29
1954 2776  48  41  27
1959 2769  48  41  28
1961 2763  48  41  28
1962 2755  51  41  28
1962 2749  52  41  27
1962 2742  55  41  27
1959 2736  57  41  27
1957 2733  58  41  27
1952 2725  58  41  27
1948 2722  56  41  28
1944 2725  50  41  28
1939 2728  44  41  28
1936 2731  37  40  27
1933 2736  28  40  27
1932 2743  19  40  27
1933 2750   9  40  27
% 
% .PEN_UP
1936 2758   0  40  26
1938 2765   0  40  28
1940 2776   0  40  28
1944 2786   0  40  28
1948 2793   0  40  28
1955 2803   0  40  28
1959 2810   0  40  28
1965 2818   0  40  28
1970 2824   0  40  28
1973 2828   0  40  28
1974 2830   0  40  28
% 
% .PEN_DOWN
1975 2830  30  40  28
1975 2830  37  40  28
1975 2829  43  40  28
1974 2825  48  40  28
1974 2823  51  40  28
1976 2817  52  40  28
1975 2812  55  40  28
1974 2803  54  40  28
1973 2794  56  40  28
1975 2782  57  40  28
1972 2773  58  40  28
1972 2762  58  40  27
1973 2751  58  40  27
1973 2744  58  40  27
1975 2738  58  40  27
1979 2730  58  38  25
1983 2727  56  38  25
1987 2728  50  38  24
1992 2731  42  38  24
1997 2734  30  38  25
2003 2740  20  38  26
% 
% .PEN_UP
2006 2747   0  38  26
2008 2756   0  38  26
2009 2760   0  38  26
2009 2766   0  40  26
2010 2771   0  42  27
2007 2776   0  42  27
2004 2780   0  42  28
1999 2783   0  40  28
1994 2787   0  40  29
1988 2790   0  40  29
1981 2792   0  40  29
1977 2794   0  40  29
1974 2794   0  40  29
% 
% .PEN_DOWN
1971 2794  28  40  29
1968 2794  36  40  29
1967 2792  42  40  29
1968 2793  43  40  29
1971 2795  46  40  29
1975 2796  47  40  29
1980 2798  43  40  29
1987 2802  33  40  29
1994 2802  21  38  29
% 
% .PEN_UP
2000 2801   0  40  29
2005 2798   0  40  29
2009 2794   0  40  29
2015 2794   0  40  29
2020 2792   0  43  29
2028 2792   0  43  29
2038 2791   0  43  29
2048 2790   0  40  29
2059 2792   0  40  29
2067 2792   0  40  29
2075 2792   0  38  29
2082 2791   0  38  29
2086 2790   0  38  29
2086 2790   0  38  29
2083 2785   0  39  29
2078 2783   0  39  29
2070 2784   0  39  29
2061 2786   0  41  29
2050 2786   0  41  29
2041 2788   0  41  29
2032 2790   0  41  29
2025 2789   0  42  29
2020 2789   0  42  29
2015 2789   0  42  29
2013 2790   0  42  29
2012 2790   0  42  29
2010 2792   0  42  29
2010 2793   0  42  29
2010 2793   0  42  29
2010 2793   0  42  29
2010 2795   0  42  29
% 
% .PEN_DOWN
2009 2796   6  42  29
2009 2796  10  42  29
2010 2797  14  42  29
2010 2798  19  42  29
2010 2798  22  42  29
2010 2796  23  42  29
2012 2791  26  42  29
2014 2785  30  42  29
2017 2778  34  40  29
2017 2771  37  40  29
2018 2762  40  41  29
2019 2754  42  41  27
2018 2749  43  40  27
2017 2743  43  41  27
2016 2741  41  41  27
2016 2739  40  41  27
2016 2739  39  41  27
2016 2740  39  41  27
2016 2746  36  42  26
2016 2751  35  42  26
2016 2759  34  42  26
2020 2767  34  42  28
2023 2776  34  42  26
2028 2783  34  42  26
2031 2792  34  43  26
2035 2799  34  43  26
2040 2804  34  43  26
2043 2808  34  42  26
2045 2810  34  42  26
2048 2808  36  42  26
2050 2805  38  41  26
2050 2803  41  41  26
2048 2799  42  41  26
2048 2796  45  41  26
2046 2791  47  39  26
2042 2787  48  37  28
2039 2783  48  37  28
2035 2777  48  37  26
2031 2772  48  38  29
2027 2767  48  38  28
2025 2764  51  40  28
2026 2761  50  40  29
2027 2760  49  42  29
2030 2758  49  39  25
2034 2756  44  39  25
2040 2755  39  39  27
2046 2752  29  39  27
2054 2751  17  39  29
% 
% .PEN_UP
2062 2750   0  39  29
2069 2750   0  39  29
2075 2748   0  39  29
2081 2748   0  39  30
2087 2749   0  39  30
2094 2751   0  39  30
2099 2755   0  39  30
2103 2757   0  39  28
2107 2757   0  39  28
2110 2761   0  39  29
2113 2765   0  39  29
2115 2769   0  39  31
2115 2771   0  39  31
% 
% .PEN_DOWN
2116 2775  11  39  32
2116 2779  17  39  32
2116 2785  21  39  30
2116 2789  25  39  30
2116 2795  27  39  30
2116 2801  30  39  30
2114 2807  35  39  30
2111 2811  37  39  30
2108 2814  40  39  30
2107 2816  42  39  30
2101 2815  45  39  30
2098 2814  47  39  30
2093 2811  48  39  30
2088 2806  48  37  30
2085 2799  48  37  30
2080 2791  48  38  30
2078 2779  51  38  29
2075 2767  52  39  29
2075 2756  55  38  28
2078 2746  57  38  28
2080 2739  58  38  27
2083 2735  56  39  27
2089 2732  57  39  27
2095 2736  55  39  27
2100 2742  54  39  27
2104 2749  51  39  27
2108 2757  48  39  28
2112 2766  43  39  29
2114 2773  41  39  29
2116 2779  40  39  29
2117 2783  39  39  29
2118 2785  39  39  29
2119 2784  39  39  29
2120 2780  39  39  29
2118 2774  39  39  27
2118 2766  44  39  27
2117 2759  46  39  26
2118 2750  47  39  27
2120 2742  48  39  27
2121 2736  51  39  27
2123 2733  50  39  27
2127 2732  49  39  25
2130 2733  49  39  25
2133 2736  51  38  25
2136 2744  52  38  26
2141 2752  50  37  26
2143 2760  49  37  28
2146 2770  49  40  26
2147 2780  46  40  26
2148 2791  45  39  26
2150 2802  44  39  26
2151 2811  42  40  26
2151 2816  40  40  26
2150 2824  39  41  26
2151 2828  39  41  26
2149 2833  41  42  26
2148 2835  45  42  26
2148 2835  49  42  26
2147 2832  51  41  26
2146 2827  52  41  26
2144 2820  53  41  26
2144 2811  53  41  28
2144 2801  56  41  26
2144 2791  55  41  26
2147 2778  57  41  28
2148 2765  58  41  28
2151 2753  58  41  27
2153 2745  58  41  27
2157 2740  58  41  27
2162 2736  56  40  27
2165 2735  50  40  27
2171 2736  42  37  27
2176 2740  28  37  27
2181 2747  14  37  27
% 
% .PEN_UP
2183 2755   0  36  28
2182 2760   0  36  28
2181 2768   0  36  29
2178 2775   0  36  29
2175 2781   0  36  29
2170 2788   0  38  29
2164 2793   0  38  29
2158 2797   0  41  29
2152 2799   0  41  29
2148 2802   0  42  29
2142 2801   0  39  29
2137 2798   0  39  29
% 
% .PEN_DOWN
2134 2796  35  39  29
2132 2795  39  40  29
2132 2793  42  40  29
2134 2794  43  40  29
2140 2798  41  40  29
2145 2800  35  39  29
2154 2801  27  39  29
2159 2803  16  40  29
% 
% .PEN_UP
2165 2805   0  40  29
2168 2803   0  40  29
2172 2802   0  40  29
2176 2801   0  40  29
2181 2798   0  40  29
2183 2795   0  38  29
2185 2790   0  38  29
2186 2786   0  37  29
2187 2783   0  37  29
2189 2781   0  37  29
2190 2776   0  37  29
2189 2772   0  37  29
2188 2768   0  37  29
2189 2765   0  36  29
2189 2762   0  36  27
2189 2759   0  36  26
2188 2756   0  36  26
% 
% .PEN_DOWN
2187 2755  29  36  26
2190 2755  31  36  26
2193 2756  33  36  26
2197 2760  33  37  28
2200 2763  33  37  28
2204 2770  31  37  28
2207 2777  32  37  28
2209 2781  33  37  28
2209 2786  33  39  28
2210 2792  34  39  28
2210 2797  36  39  28
2210 2804  35  39  28
2210 2808  37  38  28
2210 2811  38  38  28
2207 2815  38  38  28
2206 2816  39  38  28
2204 2817  39  37  28
2203 2813  41  37  28
2201 2810  42  37  28
2197 2808  45  37  28
2194 2803  47  37  28
2192 2797  50  36  28
2191 2789  52  36  28
2190 2783  53  36  27
2190 2774  53  36  26
2193 2769  53  36  26
2195 2764  53  36  26
2199 2761  53  36  26
2205 2758  56  37  26
2210 2758  57  37  26
2215 2758  55  37  26
2222 2756  52  37  26
2227 2758  48  36  26
2233 2758  43  34  26
2237 2757  41  34  26
2241 2760  40  34  26
2243 2763  37  34  26
2244 2763  35  34  27
2245 2767  35  34  28
2247 2769  34  34  28
2247 2768  36  34  28
2245 2768  40  35  28
2243 2767  44  34  28
2242 2767  46  34  29
2239 2767  47  35  29
2236 2765  50  35  29
2231 2765  52  37  29
2224 2764  53  37  27
2214 2767  53  37  28
2200 2769  56  37  28
2185 2774  57  37  28
2167 2778  58  37  26
2149 2784  58  39  26
2129 2791  58  39  26
2104 2796  58  39  26
2077 2804  58  39  26
2044 2809  58  40  26
2011 2811  58  40  26
1979 2814  58  38  26
1944 2814  58  38  26
1902 2813  58  38  26
1861 2812  59  38  26
1825 2810  59  38  26
1789 2809  59  38  26
1753 2806  59  40  26
1719 2805  59  42  26
1692 2804  59  42  26
1668 2802  59  42  26
1648 2803  59  42  26
1632 2801  59  42  26
1623 2798  56  43  26
1616 2797  55  43  26
1614 2794  54  40  26
1618 2792  54  40  26
1625 2788  56  40  26
1640 2784  55  40  26
1656 2781  57  40  26
1680 2777  58  41  26
1712 2773  58  41  26
1752 2770  58  41  28
1793 2771  58  41  28
1839 2771  58  38  28
1889 2771  58  38  28
1934 2771  58  38  29
1980 2768  58  40  27
2027 2763  58  40  29
2070 2760  58  37  29
2112 2757  59  37  27
2155 2757  59  35  27
2194 2759  61  35  27
2228 2762  60  33  26
2256 2767  59  33  26
2276 2770  59  35  26
2290 2770  59  35  27
2299 2768  59  34  28
2300 2766  59  34  28
2297 2764  54  36  28
2291 2763  34  38  29
% 
