% .SEGMENT LETTER ? ? "0"
% 
% .PEN_DOWN
1588 2857   3  44  27
1588 2862   6  44  26
1589 2867   8  44  26
1589 2874  11  44  28
1589 2881  13  44  28
1589 2889  16  44  28
1588 2896  20  44  28
1587 2903  22  44  28
1583 2911  25  44  28
1580 2917  27  45  28
1578 2922  28  45  28
1575 2925  31  45  30
1570 2930  32  46  30
1564 2931  33  46  28
1558 2928  33  46  28
1552 2922  36  46  28
1545 2916  37  44  27
1539 2905  38  44  28
1533 2889  38  44  28
1528 2872  39  44  27
1524 2851  39  44  27
1522 2833  39  46  27
1522 2819  41  46  27
1522 2805  42  46  27
1523 2794  43  45  27
1525 2785  43  45  28
1529 2775  41  47  31
1534 2770  40  47  31
1540 2768  39  45  31
1547 2770  39  45  30
1553 2774  41  45  30
1559 2781  40  45  30
1567 2790  42  42  30
1576 2800  40  42  30
1582 2814  40  43  30
1588 2828  39  44  30
1593 2844  39  44  30
1597 2862  39  44  28
1600 2882  39  44  28
1602 2893  39  44  28
1602 2898  39  45  28
1602 2904  39  45  28
1601 2906  41  45  28
1601 2900  45  45  28
1597 2889  47  45  28
1594 2873  50  45  27
1592 2857  54  43  27
1591 2840  56  43  27
1591 2822  57  41  27
1592 2806  58  41  27
1595 2793  58  41  26
1599 2782  58  41  26
1604 2776  56  41  26
1611 2769  50  40  26
1618 2770  37  40  26
1627 2771  18  40  28
% 
% .PEN_UP
1632 2772   0  40  28
1637 2773   0  40  26
1640 2775   0  40  28
1643 2781   0  40  28
1650 2786   0  40  28
1658 2791   0  40  28
1669 2801   0  40  28
1685 2810   0  42  28
1703 2815   0  42  28
1717 2827   0  42  28
1734 2836   0  44  28
1746 2843   0  39  22
1754 2844   0  39  22
1760 2841   0  39  24
1761 2842   0  40  24
1759 2838   0  40  23
1760 2834   0  40  23
1751 2828   0  40  23
1742 2823   0  42  23
1737 2821   0  42  23
1730 2817   0  44  23
1726 2819   0  42  23
1721 2820   0  42  23
1716 2821   0  42  23
1716 2827   0  45  23
1713 2829   0  45  23
1712 2832   0  45  23
1712 2837   0  44  23
1711 2841   0  44  23
1715 2845   0  44  24
1715 2845   0  46  24
1716 2850   0  46  24
1716 2853   0  44  24
1717 2859   0  44  24
1719 2864   0  46  24
1720 2869   0  46  25
1720 2872   0  47  25
1721 2875   0  47  27
1721 2878   0  47  27
1722 2880   0  47  30
1721 2881   0  45  30
1720 2884   0  45  29
% 
% .PEN_DOWN
1719 2886  11  43  29
1718 2890  15  43  29
1717 2889  19  44  29
1716 2891  24  44  29
1716 2891  29  43  29
1714 2890  31  43  31
1713 2885  35  44  31
1712 2878  37  44  30
1711 2868  40  44  28
1710 2856  42  44  28
1708 2839  45  45  28
1707 2824  49  45  28
1706 2807  51  45  28
1707 2790  55  45  28
1708 2773  57  45  28
1712 2757  58  45  25
1715 2743  58  45  25
1720 2732  58  44  26
1727 2725  58  44  26
1737 2724  58  44  27
1749 2729  58  44  27
1760 2738  58  43  27
1770 2750  58  43  27
1780 2765  58  43  27
1787 2778  58  43  27
1793 2794  59  43  27
1797 2808  56  43  27
1801 2822  55  43  27
1802 2834  54  43  27
1802 2847  54  43  27
1801 2856  54  43  27
1799 2865  54  43  26
1796 2872  51  43  26
1796 2880  47  43  28
1793 2884  43  43  28
1791 2888  31  43  28
1790 2885  15  43  28
% 
% .PEN_UP
1788 2879   0  43  29
1787 2873   0  43  29
1784 2863   0  43  29
1784 2850   0  43  29
1785 2844   0  43  29
1790 2834   0  43  29
1797 2831   0  43  29
1801 2823   0  43  29
1810 2817   0  43  29
1815 2811   0  43  29
1821 2805   0  43  29
1827 2798   0  45  29
1832 2787   0  49  29
1832 2780   0  49  29
1835 2775   0  49  29
1832 2771   0  47  29
1830 2773   0  47  30
1826 2777   0  45  30
1823 2773   0  45  30
1819 2769   0  45  30
1816 2768   0  45  30
1813 2764   0  45  30
1810 2761   0  45  28
1807 2758   0  45  28
1807 2756   0  45  29
1804 2752   0  45  29
1802 2751   0  45  28
1800 2749   0  45  29
1800 2747   0  45  29
1801 2747   0  45  29
1803 2745   0  45  30
1803 2742   0  45  30
1803 2743   0  45  30
% 
% .PEN_DOWN
1805 2740   6  45  30
1805 2739  10  45  31
1808 2743  14  45  31
1811 2749  19  45  31
1814 2760  22  45  30
1818 2769  25  45  30
1822 2781  27  44  30
1825 2793  28  44  30
1826 2803  29  44  30
1827 2808  31  41  30
1827 2810  32  41  30
1825 2812  36  41  30
1823 2812  40  44  30
1821 2808  42  44  30
1817 2801  43  44  30
1815 2790  46  44  30
1813 2779  47  44  30
1812 2768  48  44  28
1811 2759  48  44  29
1813 2754  48  44  29
1816 2747  48  44  29
1820 2742  46  44  30
1825 2741  40  46  30
1833 2742  32  45  30
1839 2741  23  45  30
1848 2744  11  45  31
% 
% .PEN_UP
1855 2747   0  43  31
1862 2752   0  43  30
1865 2756   0  43  30
1867 2758   0  43  30
1869 2764   0  45  30
1869 2771   0  45  28
1869 2776   0  44  28
1868 2782   0  43  29
1869 2786   0  43  29
1866 2793   0  43  29
1865 2796   0  45  29
1864 2799   0  45  29
1863 2802   0  44  29
1863 2803   0  43  29
% 
% .PEN_DOWN
1862 2804  13  43  29
1862 2803  16  43  29
1861 2801  20  44  29
1861 2798  24  45  29
1862 2794  27  45  29
1863 2787  28  45  29
1863 2778  31  45  29
1863 2772  32  45  27
1863 2766  33  44  27
1863 2761  36  44  27
1863 2758  37  43  27
1863 2756  38  43  28
1862 2754  38  44  28
1862 2756  36  45  29
1861 2756  35  45  29
1862 2757  34  45  30
1862 2763  34  45  30
1863 2770  34  43  30
1867 2778  34  43  30
1870 2786  34  43  30
1876 2793  34  45  30
1882 2802  34  44  30
1885 2807  34  44  30
1890 2809  34  44  30
1892 2810  34  44  30
1893 2811  36  44  30
1895 2806  38  44  30
1894 2802  41  44  30
1891 2795  42  44  30
1887 2787  43  44  30
1885 2780  43  45  28
1882 2773  46  45  28
1877 2767  47  45  28
1873 2761  50  42  27
1872 2756  52  45  27
1871 2751  53  45  27
1871 2747  53  42  27
1872 2744  53  42  27
1877 2741  53  40  25
1883 2739  49  40  25
1890 2739  41  40  25
1897 2742  33  40  24
1905 2743  21  40  24
% 
% .PEN_UP
1912 2746   0  39  27
1919 2748   0  39  27
1922 2751   0  39  26
1926 2756   0  39  26
1931 2759   0  39  28
1933 2764   0  39  28
1935 2772   0  39  28
1937 2778   0  39  28
1940 2783   0  39  31
1945 2790   0  39  31
1947 2795   0  39  31
1947 2798   0  39  31
1947 2804   0  39  31
1945 2808   0  39  31
% 
% .PEN_DOWN
1942 2810  17  39  31
1938 2812  25  39  31
1935 2812  32  39  31
1929 2814  38  39  31
1926 2811  41  39  31
1923 2808  42  41  31
1919 2805  43  41  31
1915 2803  43  41  31
1912 2798  44  43  31
1910 2795  46  43  31
1910 2793  47  43  31
1913 2789  48  44  31
1917 2786  48  44  28
1921 2783  46  43  28
1929 2782  47  43  29
1935 2777  48  43  29
1941 2775  48  43  27
1945 2773  46  43  27
1948 2770  47  43  26
1950 2763  45  43  26
1949 2758  47  43  26
1950 2753  48  43  26
1947 2747  51  43  26
1944 2743  50  43  26
1939 2740  52  41  25
1935 2738  50  41  25
1929 2738  47  41  26
1925 2738  43  40  26
1920 2739  33  40  26
1917 2742  26  41  26
1916 2746  18  41  26
1917 2750  11  41  26
% 
% .PEN_UP
1920 2754   0  41  26
1923 2762   0  40  26
1928 2769   0  39  28
1932 2779   0  39  28
1936 2790   0  39  28
1942 2799   0  39  28
1947 2808   0  39  28
1951 2817   0  39  28
1957 2822   0  39  28
1963 2827   0  39  28
1966 2829   0  39  28
1967 2830   0  39  28
% 
% .PEN_DOWN
1968 2830  19  39  28
1970 2828  29  39  28
1971 2824  39  39  28
1972 2818  44  39  28
1971 2812  46  39  28
1972 2805  47  39  28
1972 2796  50  39  28
1970 2785  54  39  28
1970 2776  56  39  26
1969 2763  57  39  26
1968 2754  58  39  24
1967 2746  58  39  24
1968 2738  58  39  26
1970 2733  58  39  26
1974 2731  58  39  26
1978 2732  56  40  27
1983 2732  47  40  27
1989 2733  36  42  27
1994 2736  22  42  27
% 
% .PEN_UP
1998 2743   0  42  27
2001 2750   0  42  27
2002 2755   0  42  27
2003 2764   0  42  28
2002 2769   0  42  28
1999 2775   0  44  31
1995 2783   0  44  31
1989 2787   0  44  31
1984 2789   0  44  31
1978 2793   0  44  31
1973 2791   0  44  31
1970 2791   0  44  31
1966 2791   0  44  31
% 
% .PEN_DOWN
1964 2791  29  44  31
1963 2791  36  44  31
1963 2791  42  44  31
1964 2793  45  44  31
1968 2794  47  44  31
1973 2797  43  44  31
1979 2799  33  44  31
1987 2801  19  42  31
% 
% .PEN_UP
1993 2801   0  41  31
1998 2798   0  41  31
2004 2795   0  41  31
2008 2793   0  42  31
2015 2794   0  42  31
2028 2794   0  42  31
2042 2797   0  42  31
2062 2805   0  41  31
2079 2809   0  41  31
2091 2813   0  41  31
2103 2816   0  41  31
2115 2811   0  41  31
2123 2812   0  41  31
2127 2815   0  49  31
2129 2804   0  46  31
2128 2797   0  46  31
2125 2788   0  46  31
2116 2780   0  46  31
2103 2775   0  46  30
2090 2769   0  46  30
2073 2768   0  45  30
2057 2769   0  45  30
2042 2769   0  45  30
2028 2771   0  45  30
2015 2773   0  45  32
2006 2774   0  44  32
1998 2776   0  47  33
1994 2778   0  47  33
1993 2779   0  47  31
1991 2783   0  45  31
1990 2785   0  45  31
1991 2784   0  42  31
1994 2786   0  43  30
1998 2786   0  43  30
2000 2785   0  43  30
2002 2782   0  44  30
2003 2781   0  44  32
2004 2780   0  44  31
2005 2780   0  44  31
2006 2778   0  45  31
2007 2779   0  45  30
2007 2780   0  43  30
2008 2782   0  44  28
2010 2785   0  44  28
2010 2788   0  44  28
% 
% .PEN_DOWN
2010 2791   2  42  28
2011 2793   3  42  28
2012 2795   4  42  28
2012 2798   6  42  28
2011 2800  10  42  28
2011 2803  15  42  28
2011 2804  17  41  28
2010 2805  20  41  28
2010 2803  22  41  28
2010 2800  26  41  28
2010 2796  25  43  28
2011 2789  27  44  28
2012 2783  28  44  28
2012 2776  26  44  29
2012 2770  27  44  29
2012 2762  28  44  29
2011 2757  29  45  30
2011 2754  29  45  30
2010 2752  29  43  30
2010 2753  29  43  30
2009 2754  29  42  28
2009 2754  29  42  28
2009 2756  29  43  28
2010 2762  29  42  29
2011 2768  29  42  29
2014 2776  29  42  29
2018 2784  29  42  29
2021 2791  29  42  29
2025 2798  29  42  29
2030 2802  29  42  29
2034 2807  29  42  29
2037 2808  29  42  29
2040 2807  29  43  29
2042 2804  31  41  29
2043 2798  33  41  29
2044 2791  33  41  29
2041 2786  33  42  29
2039 2780  34  42  29
2036 2776  34  42  29
2030 2770  34  42  29
2026 2763  34  42  29
2021 2757  34  42  29
2017 2755  36  42  29
2015 2752  37  42  30
2014 2748  36  43  30
2014 2747  35  43  30
2017 2745  34  42  30
2020 2745  34  42  30
2024 2745  31  42  30
2029 2745  28  42  30
2034 2744  21  42  30
2041 2745  13  41  30
% 
% .PEN_UP
2049 2745   0  41  30
2056 2743   0  41  30
2064 2743   0  41  30
2071 2743   0  41  30
2078 2742   0  42  30
2085 2744   0  42  30
2090 2749   0  42  30
2095 2748   0  42  28
2101 2751   0  42  28
2105 2756   0  42  31
2108 2761   0  42  31
2110 2762   0  42  28
2112 2764   0  42  28
2114 2770   0  42  31
2113 2775   0  42  30
2112 2777   0  42  30
2111 2781   0  42  30
% 
% .PEN_DOWN
2109 2786  15  42  30
2107 2790  20  42  30
2106 2796  22  42  30
2104 2804  23  42  30
2102 2809  26  42  30
2099 2809  30  42  30
2095 2813  32  42  30
2092 2813  33  42  30
2087 2813  33  42  30
2082 2805  34  42  30
2078 2797  34  42  30
2074 2789  36  42  29
2071 2778  40  42  29
2069 2767  42  42  29
2068 2755  43  42  30
2070 2747  43  42  30
2073 2741  44  42  30
2079 2738  44  40  30
2085 2736  44  40  29
2090 2738  44  40  29
2096 2745  44  40  30
2102 2754  44  40  30
2108 2763  44  40  28
2112 2770  41  40  28
2115 2774  40  40  28
2115 2778  39  40  28
2116 2779  39  40  29
2116 2779  39  40  29
2117 2773  39  40  29
2117 2766  39  40  29
2116 2757  36  40  29
2116 2747  38  40  29
2116 2741  38  40  30
2118 2737  38  40  30
2119 2734  39  40  29
2120 2734  39  40  26
2122 2740  39  40  26
2126 2744  39  40  26
2128 2754  39  40  28
2131 2767  39  42  28
2134 2779  39  42  29
2136 2787  39  45  29
2139 2800  39  45  29
2141 2809  36  45  29
2141 2815  35  45  29
2141 2818  37  42  29
2141 2821  38  42  29
2142 2821  38  41  29
2143 2823  41  41  29
2142 2823  42  43  29
2141 2822  45  43  29
2140 2816  47  44  29
2139 2809  50  44  29
2138 2801  52  44  29
2137 2789  53  44  29
2138 2779  56  42  29
2139 2766  57  42  29
2141 2755  58  41  28
2144 2747  58  41  28
2149 2741  58  41  28
2154 2732  56  41  28
2159 2728  52  41  28
2164 2729  43  41  28
2170 2733  31  41  28
2175 2737  18  41  29
% 
% .PEN_UP
2178 2742   0  40  29
2181 2745   0  38  30
2180 2748   0  38  30
2179 2756   0  38  28
2177 2761   0  39  28
2173 2766   0  41  28
2169 2771   0  41  28
2163 2776   0  41  29
2157 2779   0  44  29
2150 2780   0  44  31
2144 2780   0  42  31
2139 2779   0  43  30
% 
% .PEN_DOWN
2134 2777  29  43  30
2133 2778  36  43  28
2131 2777  42  43  28
2132 2778  45  43  30
2136 2780  47  43  30
2140 2783  45  43  30
2147 2785  40  42  30
2156 2789  29  42  30
2165 2790  17  42  30
% 
% .PEN_UP
2172 2791   0  42  30
2179 2789   0  42  30
2182 2789   0  42  30
2185 2786   0  41  30
2189 2784   0  41  32
2194 2782   0  41  30
2198 2783   0  41  30
2203 2784   0  42  30
2209 2781   0  42  32
2212 2778   0  40  31
2214 2777   0  40  31
2215 2776   0  39  31
2217 2776   0  39  30
2219 2776   0  39  30
2218 2773   0  39  29
2217 2773   0  39  29
2215 2775   0  39  29
2214 2772   0  38  29
2215 2770   0  38  29
2214 2766   0  40  29
2212 2764   0  40  29
2211 2762   0  41  29
% 
% .PEN_DOWN
2212 2761  11  41  31
2211 2761  15  41  31
2212 2761  17  41  31
2212 2761  20  41  31
2216 2761  22  41  30
2219 2765  23  42  30
2221 2769  26  42  30
2224 2775  28  42  30
2225 2781  28  42  30
2229 2786  29  40  30
2229 2793  29  39  30
2230 2797  29  39  30
2232 2804  31  39  30
2231 2807  33  39  30
2230 2810  33  39  30
2228 2812  33  39  30
2226 2813  36  39  30
2221 2813  37  41  30
2218 2808  41  41  30
2214 2802  45  41  30
2208 2795  47  39  30
2205 2788  50  39  30
2203 2777  52  39  27
2202 2769  53  39  27
2203 2762  53  40  27
2207 2757  53  40  27
2211 2754  51  40  28
2218 2752  52  41  28
2225 2752  50  41  29
2232 2752  49  40  29
2241 2756  47  40  28
2248 2759  43  40  28
2257 2761  41  40  29
2261 2763  37  40  29
2265 2766  35  40  27
2267 2769  35  40  27
2270 2769  34  40  28
2272 2773  36  40  28
2270 2774  38  40  31
2270 2775  41  40  32
2265 2775  42  40  32
2262 2772  45  40  32
2256 2770  49  40  29
2249 2769  54  40  29
2240 2770  56  39  27
2228 2771  57  39  27
2216 2774  55  39  26
2200 2777  57  40  26
2182 2779  58  41  28
2163 2780  58  41  28
2144 2781  58  41  28
2126 2781  58  41  27
2108 2779  58  41  29
2089 2775  58  41  29
2067 2769  58  41  27
2045 2763  58  42  27
2020 2760  58  41  27
1996 2757  58  41  27
1973 2759  59  41  28
1950 2762  59  41  28
1924 2769  59  43  27
1897 2778  59  43  27
1871 2788  59  43  27
1848 2799  59  42  27
1828 2813  59  42  27
1807 2824  59  42  27
1786 2836  56  42  27
1760 2848  55  42  27
1733 2855  54  42  29
1706 2860  54  44  30
1683 2859  54  44  29
1662 2856  54  44  29
1645 2851  54  44  30
1629 2846  54  43  30
1616 2838  54  42  28
1608 2833  54  42  28
1601 2827  54  42  28
1600 2827  54  43  28
1601 2823  56  44  28
1603 2821  57  44  28
1609 2818  55  44  28
1619 2817  57  43  28
1631 2814  58  43  28
1645 2815  58  43  28
1659 2814  58  43  28
1677 2812  58  43  28
1698 2812  58  43  28
1725 2808  58  43  28
1755 2810  58  43  28
1786 2811  58  43  28
1822 2814  58  43  28
1865 2817  58  42  28
1907 2822  59  42  28
1950 2828  59  42  28
1994 2834  59  42  28
2039 2835  59  41  28
2081 2838  59  41  28
2123 2837  59  41  28
2166 2840  59  41  28
2206 2842  59  39  28
2239 2848  59  39  30
2266 2852  59  39  30
2287 2855  59  38  30
2305 2855  56  38  30
2318 2855  52  38  30
2326 2853  41  38  30
2330 2850  20  38  29
% 
