% .SEGMENT LETTER ? ? "0"
% 
% .PEN_DOWN
1611 2891   3  42  32
1612 2892   6  42  32
1612 2893  10  42  32
1611 2893  12  42  30
1613 2894  13  42  30
1613 2899  16  42  31
1613 2902  18  42  31
1613 2904  21  42  29
1613 2907  22  42  29
1612 2911  23  42  30
1610 2918  26  42  30
1609 2922  28  42  33
1606 2923  28  42  33
1603 2927  29  42  32
1599 2931  29  42  32
1596 2931  31  42  33
1589 2933  33  41  33
1582 2934  33  44  32
1574 2935  33  44  32
1567 2932  34  44  33
1560 2930  31  45  33
1554 2927  30  45  32
1548 2919  30  44  32
1543 2910  29  44  32
1539 2902  29  44  32
1534 2895  29  44  32
1530 2881  29  44  31
1527 2870  29  44  31
1525 2854  31  43  31
1522 2840  33  43  31
1521 2827  31  43  31
1523 2815  30  43  31
1524 2804  29  44  31
1527 2798  29  44  31
1530 2789  31  44  31
1535 2778  33  42  30
1537 2772  33  42  30
1543 2766  33  42  30
1547 2763  36  44  30
1552 2761  37  44  29
1559 2758  38  45  28
1563 2759  36  45  28
1568 2762  37  42  28
1575 2768  38  42  28
1580 2777  38  41  28
1585 2790  36  41  28
1590 2798  35  41  28
1595 2811  32  42  27
1599 2826  30  41  27
1602 2839  30  41  29
1604 2852  29  42  29
1606 2863  27  42  29
1605 2872  25  42  28
1605 2883  25  42  28
1605 2888  24  42  28
1605 2891  24  44  28
1606 2894  27  42  28
1603 2893  28  42  30
1601 2889  28  44  30
1600 2877  31  44  32
1598 2867  32  44  31
1597 2852  33  44  31
1597 2836  36  43  31
1598 2818  40  43  31
1600 2799  42  42  31
1602 2784  43  42  30
1605 2773  46  42  30
1610 2758  47  42  30
1614 2750  43  41  30
1620 2745  33  41  30
1628 2745  16  41  30
% 
% .PEN_UP
1636 2749   0  41  30
1642 2756   0  41  30
1647 2768   0  41  30
1654 2780   0  41  30
1659 2798   0  41  30
1671 2822   0  39  30
1687 2851   0  39  16
1737 3336   0  47  19
1727 3302   0  48  26
1721 3274   0  48  26
1715 3251   0  48  26
1711 3228   0  48  26
1710 3201   0  48  33
1712 3165   0  48  33
1713 3119   0  48  33
1719 3077   0  48  29
1728 3040   0  45  29
1739 3011   0  45  29
1750 2985   0  44  29
1760 2971   0  44  29
1765 2951   0  44  25
1765 2939   0  44  25
1764 2935   0  43  25
1761 2925   0  43  23
1759 2916   0  42  23
1756 2907   0  42  23
1750 2899   0  41  24
1746 2895   0  41  24
1739 2880   0  43  24
1734 2877   0  43  21
1728 2871   0  44  20
1727 2875   0  44  20
1725 2878   0  44  20
1718 2870   0  44  23
1715 2869   0  47  23
1709 2868   0  45  24
1702 2865   0  45  24
1700 2863   0  45  21
1695 2857   0  47  21
1694 2854   0  47  23
1695 2854   0  48  22
1697 2853   0  48  22
1696 2852   0  47  22
1697 2850   0  47  22
1698 2847   0  47  22
1699 2839   0  46  22
1699 2834   0  46  22
1702 2830   0  46  23
1703 2833   0  45  23
1704 2832   0  45  23
1707 2835   0  45  24
1709 2836   0  45  24
1710 2834   0  42  24
1713 2832   0  42  27
1714 2832   0  41  27
1716 2833   0  41  23
1716 2838   0  43  24
1716 2844   0  43  24
1717 2844   0  44  24
1717 2848   0  44  24
1716 2850   0  42  24
1715 2855   0  42  24
1715 2858   0  43  24
1716 2860   0  43  24
1715 2868   0  43  24
1714 2871   0  43  26
1716 2873   0  43  26
1715 2876   0  43  27
1714 2879   0  43  27
1713 2882   0  43  28
1712 2883   0  43  28
1712 2883   0  43  28
1712 2886   0  44  28
1711 2889   0  44  28
1711 2893   0  45  28
1712 2895   0  44  28
% 
% .PEN_DOWN
1713 2900   2  44  28
1713 2903   3  44  30
1712 2906   4  45  30
1713 2907   6  45  33
1713 2908  10  45  33
1712 2909  15  45  30
1711 2907  17  44  30
1709 2903  18  43  29
1707 2898  18  43  29
1704 2889  21  43  29
1703 2878  23  42  29
1702 2862  23  44  27
1701 2846  24  44  27
1699 2831  26  44  27
1700 2817  28  42  28
1701 2802  28  42  27
1703 2789  31  42  27
1706 2778  32  42  28
1710 2772  33  42  28
1717 2765  33  41  27
1724 2761  34  41  27
1731 2760  34  41  26
1738 2763  36  41  26
1748 2765  37  41  28
1755 2771  38  40  28
1763 2779  38  40  28
1768 2787  39  39  28
1773 2797  39  39  28
1777 2808  39  39  27
1780 2821  39  39  27
1781 2836  36  39  27
1779 2849  35  43  28
1776 2862  37  41  28
1771 2876  35  41  28
1766 2887  35  43  28
1763 2893  34  43  28
1758 2897  32  44  28
1756 2902  28  44  28
1753 2901  19  41  28
% 
% .PEN_UP
1752 2898   0  41  30
1751 2894   0  41  29
1750 2882   0  41  29
1749 2874   0  42  29
1752 2861   0  42  29
1755 2851   0  40  26
1757 2839   0  40  26
1760 2826   0  40  26
1771 2816   0  40  26
1776 2802   0  40  26
1781 2790   0  40  26
1786 2777   0  40  28
1791 2766   0  40  28
1795 2756   0  40  28
1795 2750   0  40  26
1797 2747   0  40  28
1798 2746   0  40  28
1799 2745   0  40  28
1800 2743   0  40  31
1798 2741   0  40  31
1797 2741   0  40  29
1796 2742   0  40  31
1792 2743   0  40  31
1791 2745   0  40  31
1790 2746   0  40  30
1789 2747   0  40  32
1788 2748   0  40  32
1786 2748   0  40  32
1785 2749   0  40  31
1783 2749   0  40  31
1782 2747   0  40  30
1783 2745   0  40  28
1782 2746   0  40  28
1782 2748   0  40  28
1782 2749   0  40  29
1783 2747   0  40  27
1783 2745   0  40  27
1784 2743   0  40  27
% 
% .PEN_DOWN
1784 2743  12  40  27
1786 2741  15  40  26
1788 2742  20  40  26
1789 2745  22  40  26
1791 2752  25  40  28
1793 2759  27  40  28
1798 2768  28  40  28
1801 2778  29  40  28
1804 2789  29  40  28
1805 2796  29  40  28
1807 2802  31  40  28
1806 2809  35  40  28
1803 2813  37  40  28
1801 2811  40  40  28
1798 2807  42  40  28
1795 2803  43  40  28
1789 2797  43  40  28
1787 2789  44  40  28
1787 2781  46  40  28
1787 2771  47  40  29
1789 2762  48  40  29
1792 2752  48  40  29
1794 2747  48  40  29
1799 2741  44  40  30
1804 2739  39  40  30
1810 2739  29  40  30
1816 2742  17  40  30
% 
% .PEN_UP
1821 2745   0  40  30
1824 2751   0  40  31
1827 2755   0  40  31
1830 2759   0  40  30
1832 2764   0  42  30
1833 2769   0  42  30
1836 2775   0  45  30
1836 2779   0  45  30
1836 2784   0  47  30
1836 2789   0  47  30
1834 2790   0  47  30
1830 2792   0  47  30
1828 2794   0  46  30
1826 2792   0  46  30
1824 2790   0  43  30
1822 2788   0  43  30
% 
% .PEN_DOWN
1820 2788  18  41  30
1820 2785  18  41  30
1821 2781  19  43  30
1822 2776  19  43  30
1822 2771  21  44  30
1825 2764  23  44  30
1826 2759  23  44  30
1828 2755  24  44  30
1829 2751  26  44  30
1829 2748  25  44  30
1829 2744  25  42  30
1830 2743  24  43  28
1830 2743  27  43  28
1830 2745  28  43  27
1831 2751  28  40  27
1832 2757  29  40  28
1832 2765  29  43  28
1834 2771  29  43  28
1837 2775  29  40  28
1840 2782  29  41  28
1842 2787  29  41  28
1845 2793  29  41  28
1848 2796  29  41  28
1850 2795  29  41  28
1851 2797  29  42  28
1854 2793  34  42  28
1853 2792  36  42  28
1854 2790  38  42  28
1854 2785  38  42  28
1852 2781  38  42  28
1847 2776  39  41  28
1844 2772  41  41  28
1840 2769  42  43  28
1836 2765  43  42  31
1834 2761  43  42  31
1833 2758  44  42  30
1831 2755  44  43  30
1832 2752  44  43  30
1834 2750  44  42  30
1836 2747  44  42  30
1840 2744  39  41  30
1844 2741  34  41  30
1849 2739  24  42  30
1856 2739  12  43  28
% 
% .PEN_UP
1862 2736   0  43  28
1869 2736   0  43  29
1873 2734   0  42  29
1878 2731   0  42  30
1883 2731   0  42  30
1890 2727   0  38  30
1896 2731   0  38  30
1905 2735   0  38  28
1915 2738   0  37  28
1928 2742   0  37  31
1935 2746   0  37  31
1941 2751   0  37  32
1945 2757   0  37  32
1947 2759   0  37  28
1946 2763   0  37  28
1943 2765   0  37  28
1941 2766   0  37  28
1937 2766   0  37  29
1933 2766   0  36  29
1928 2767   0  36  31
1926 2769   0  36  31
1923 2770   0  36  31
1917 2773   0  37  31
1914 2776   0  37  31
1911 2777   0  38  31
1909 2780   0  38  31
1907 2780   0  40  31
1907 2784   0  40  31
1905 2785   0  39  31
1904 2786   0  39  31
1903 2787   0  40  31
1902 2788   0  40  31
% 
% .PEN_DOWN
1901 2788   3  39  31
1900 2788   6  39  31
1899 2790  10  40  31
1898 2791  15  40  31
1898 2792  17  40  31
1895 2792  20  40  31
1892 2792  25  40  31
1889 2792  27  40  31
1886 2792  30  40  31
1882 2790  32  40  31
1878 2789  33  40  31
1873 2788  33  41  31
1870 2785  34  41  31
1869 2782  34  41  31
1868 2781  34  42  31
1869 2779  34  42  31
1871 2778  34  42  31
1876 2775  34  42  31
1881 2772  34  41  31
1889 2769  34  41  30
1897 2765  34  39  30
1904 2761  34  39  30
1909 2756  31  39  30
1913 2754  33  39  31
1915 2749  31  39  31
1917 2747  32  39  31
1916 2744  33  39  31
1913 2739  33  39  30
1911 2737  34  39  30
1906 2734  34  39  30
1899 2734  34  40  30
1893 2733  31  40  30
1887 2733  25  40  30
1882 2737  20  40  28
1878 2743  14  40  28
1875 2751   7  39  29
% 
% .PEN_UP
1876 2759   0  39  29
1876 2769   0  39  29
1878 2776   0  40  29
1882 2782   0  42  29
1887 2790   0  42  29
1892 2797   0  42  29
1898 2801   0  38  29
1907 2805   0  38  29
1912 2808   0  38  29
1917 2813   0  37  29
1922 2815   0  37  29
1924 2817   0  37  29
1925 2816   0  36  29
% 
% .PEN_DOWN
1925 2817  13  36  29
1926 2812  18  36  29
1926 2809  24  36  29
1928 2804  26  37  29
1929 2796  33  37  29
1929 2790  36  40  29
1927 2783  37  40  29
1927 2773  40  40  29
1928 2767  42  40  31
1927 2761  43  38  31
1927 2754  43  37  30
1928 2749  44  37  30
1930 2744  44  37  30
1932 2741  41  37  30
1935 2738  35  37  30
1939 2737  27  37  28
1944 2739  18  37  28
% 
% .PEN_UP
1949 2741   0  37  28
1954 2744   0  37  29
1957 2747   0  37  29
1959 2749   0  37  29
1961 2752   0  37  29
1962 2753   0  37  29
1960 2758   0  37  29
1959 2761   0  37  29
1957 2766   0  37  29
1952 2768   0  37  29
1950 2773   0  37  29
1946 2775   0  37  29
1940 2777   0  37  29
1933 2777   0  40  29
1928 2778   0  40  29
1923 2777   0  40  29
% 
% .PEN_DOWN
1921 2775  24  39  29
1920 2776  29  39  29
1918 2777  31  39  29
1919 2777  33  39  29
1922 2777  33  41  29
1928 2778  31  41  29
1933 2778  28  41  29
1938 2778  21  41  29
1944 2778  10  41  29
% 
% .PEN_UP
1950 2781   0  41  29
1953 2779   0  41  29
1957 2777   0  41  29
1959 2776   0  41  29
1962 2776   0  41  29
1963 2774   0  41  29
1965 2771   0  41  31
1969 2770   0  39  31
1973 2769   0  38  32
1974 2772   0  38  32
1976 2772   0  38  33
1979 2773   0  40  33
1979 2773   0  40  31
1977 2777   0  39  31
1975 2779   0  40  31
1973 2779   0  40  31
1971 2783   0  40  31
1969 2785   0  40  31
1967 2786   0  40  31
1966 2785   0  40  31
1964 2784   0  40  31
1963 2782   0  40  31
% 
% .PEN_DOWN
1960 2780  13  40  31
1960 2777  14  40  31
1960 2772  14  40  30
1961 2769  16  40  30
1962 2763  18  40  31
1964 2756  21  40  31
1965 2750  22  40  31
1965 2744  26  40  30
1965 2738  27  40  30
1965 2733  28  40  30
1964 2729  29  40  31
1965 2727  29  40  31
1965 2725  31  40  31
1964 2725  33  40  31
1964 2728  31  40  28
1963 2733  32  40  28
1963 2740  33  40  29
1964 2746  33  40  29
1965 2753  34  40  29
1968 2762  34  40  29
1971 2767  34  40  27
1976 2772  34  40  27
1979 2777  34  41  27
1982 2779  34  41  27
1985 2781  34  41  27
1988 2782  34  41  27
1989 2782  34  41  27
1989 2779  34  41  28
1989 2775  36  41  28
1987 2773  38  41  28
1986 2770  38  41  28
1983 2767  38  40  28
1978 2760  39  42  29
1975 2756  39  42  29
1972 2753  39  42  29
1970 2750  41  42  29
1968 2744  42  42  30
1968 2743  43  42  30
1968 2739  43  42  30
1969 2737  44  41  30
1972 2734  41  41  30
1976 2733  37  40  30
1980 2730  31  40  30
1985 2731  20  39  30
% 
% .PEN_UP
1990 2731   0  39  32
1996 2732   0  40  32
2002 2731   0  42  31
2006 2728   0  42  31
2011 2728   0  42  31
2016 2731   0  39  31
2023 2731   0  39  31
2027 2731   0  38  31
2032 2732   0  39  30
2037 2729   0  39  30
2040 2729   0  39  30
2042 2732   0  38  30
2041 2735   0  38  30
2041 2736   0  40  30
2043 2738   0  38  30
2043 2741   0  38  30
2043 2745   0  38  28
2043 2747   0  38  28
2043 2748   0  38  29
% 
% .PEN_DOWN
2044 2751   7  39  29
2044 2757   8  40  29
2045 2760   9  40  29
2048 2764   9  40  29
2049 2769  12  40  29
2050 2773  15  40  29
2048 2775  20  39  29
2047 2778  24  39  29
2044 2783  27  39  29
2041 2786  30  39  29
2037 2787  32  38  29
2033 2788  35  38  29
2028 2788  37  38  29
2025 2786  40  38  29
2021 2782  40  39  29
2015 2779  42  39  29
2010 2773  43  38  29
2007 2764  43  38  29
2005 2756  46  40  29
2002 2748  47  40  30
2003 2741  48  39  28
2004 2736  48  39  28
2007 2731  48  38  28
2012 2728  48  38  29
2016 2727  48  39  30
2022 2729  48  39  30
2027 2734  48  39  30
2031 2739  46  39  28
2036 2746  42  38  28
2039 2750  38  37  28
2041 2755  36  37  28
2043 2758  35  37  29
2042 2759  34  37  29
2043 2755  34  37  29
2044 2754  34  37  27
2043 2751  36  37  27
2044 2745  38  39  27
2046 2741  38  39  29
2049 2739  38  38  29
2050 2738  39  38  29
2053 2734  39  38  29
2054 2735  39  38  30
2055 2738  39  38  30
2057 2740  39  38  30
2061 2745  39  38  30
2063 2754  39  39  29
2068 2766  39  39  29
2069 2777  36  39  29
2071 2788  35  39  29
2073 2798  37  39  29
2073 2807  38  39  29
2073 2811  38  39  29
2073 2814  39  39  29
2073 2816  41  39  29
2071 2818  45  39  29
2070 2818  47  39  29
2070 2813  48  37  29
2069 2809  48  38  29
2068 2802  51  38  29
2068 2796  52  38  29
2068 2787  53  38  29
2068 2778  53  38  29
2068 2769  53  37  27
2070 2759  53  37  27
2073 2752  53  36  27
2077 2747  49  36  26
2080 2743  41  36  26
2084 2740  33  36  26
2090 2740  21  36  26
% 
% .PEN_UP
2092 2740   0  36  28
2094 2743   0  36  28
2094 2746   0  36  31
2095 2750   0  36  30
2095 2754   0  36  30
2095 2755   0  36  30
2094 2759   0  36  31
2092 2764   0  36  31
2089 2770   0  36  31
2084 2773   0  36  31
2079 2776   0  36  31
2074 2776   0  37  31
2069 2778   0  37  31
2065 2777   0  38  31
2060 2776   0  38  31
2056 2775   0  40  31
% 
% .PEN_DOWN
2054 2776  25  40  31
2054 2776  32  40  31
2053 2775  35  40  31
2055 2776  37  37  31
2060 2777  38  38  31
2066 2778  38  38  31
2073 2781  34  38  31
2079 2783  26  38  31
2085 2782  13  38  31
% 
% .PEN_UP
2089 2783   0  38  31
2091 2782   0  38  31
2093 2780   0  38  31
2094 2775   0  38  32
2096 2775   0  38  32
2098 2772   0  38  30
2102 2770   0  38  30
2105 2769   0  38  30
2108 2768   0  38  30
2112 2767   0  38  29
2116 2766   0  38  29
2117 2766   0  38  29
2118 2767   0  38  29
2119 2766   0  38  31
2119 2764   0  38  31
2119 2763   0  38  35
2118 2762   0  38  35
2117 2759   0  38  32
2117 2755   0  38  32
2117 2752   0  38  33
2116 2752   0  38  31
2115 2753   0  38  31
2114 2752   0  38  31
2112 2750   0  38  32
2114 2748   0  38  31
2113 2746   0  38  31
2113 2745   0  38  31
2113 2743   0  38  30
2113 2742   0  38  30
% 
% .PEN_DOWN
2113 2741   6  38  30
2114 2741   7  38  30
2113 2741  11  38  30
2115 2741  15  38  30
2116 2742  17  38  28
2117 2744  20  38  28
2117 2746  25  38  29
2119 2749  27  38  29
2120 2756  28  38  29
2122 2762  31  37  29
2124 2770  30  37  29
2125 2776  29  37  29
2127 2782  29  39  29
2126 2788  29  39  29
2125 2794  31  39  29
2122 2795  35  39  29
2120 2794  37  39  29
2117 2794  40  39  29
2114 2786  42  39  29
2109 2778  45  39  29
2105 2771  47  39  29
2102 2760  48  39  29
2099 2751  48  39  29
2099 2744  51  39  29
2100 2738  52  39  30
2105 2734  50  39  30
2110 2734  49  38  30
2116 2735  47  38  30
2122 2734  45  38  28
2130 2736  42  35  28
2138 2739  38  35  29
2145 2744  33  35  29
2149 2747  29  35  29
2156 2750  24  35  29
2159 2754  21  35  29
2161 2756  20  35  29
2162 2757  20  35  29
2163 2755  22  35  29
2161 2756  25  37  29
2160 2755  30  37  29
2158 2754  32  37  29
2155 2752  33  39  28
2153 2751  33  39  27
2151 2749  36  38  27
2147 2749  35  38  28
2143 2745  34  38  28
2139 2747  34  39  31
2135 2746  36  39  31
2133 2745  38  39  32
2131 2745  38  38  32
2130 2745  38  38  29
2131 2748  39  37  31
2130 2747  39  37  31
2131 2748  39  37  31
2134 2749  39  37  32
2136 2751  39  37  33
2137 2751  39  37  33
2139 2751  39  39  33
2142 2753  39  39  31
2144 2757  39  36  31
2145 2757  39  35  30
2147 2759  39  35  30
2148 2762  41  35  29
2150 2767  43  34  29
2152 2770  43  34  29
2152 2774  43  34  29
2152 2776  44  34  29
2154 2777  44  34  29
2156 2778  44  34  29
2156 2780  44  34  29
2158 2782  44  36  29
2158 2784  44  36  29
2158 2783  41  36  29
2159 2780  42  36  29
2159 2779  41  36  29
2157 2777  42  35  29
2154 2777  43  35  29
2151 2775  43  38  29
2145 2772  44  38  29
2136 2770  44  39  29
2127 2769  44  39  29
2115 2768  46  39  29
2099 2767  47  39  29
2078 2766  48  40  29
2050 2765  48  40  29
2016 2763  48  38  29
1981 2760  48  40  29
1942 2760  48  40  29
1897 2759  48  40  29
1854 2761  51  40  29
1812 2763  50  40  29
1768 2765  52  40  29
1726 2766  53  40  29
1691 2770  53  40  29
1660 2773  53  40  29
1631 2776  53  39  29
1604 2783  53  39  29
1578 2790  53  39  29
1556 2798  53  40  29
1537 2802  53  40  29
1523 2806  53  40  29
1513 2807  53  40  29
1506 2808  54  40  29
1502 2809  54  40  29
1504 2809  51  40  29
1508 2807  52  40  29
1515 2803  53  39  29
1528 2797  53  39  29
1550 2792  53  39  29
1577 2787  51  39  29
1607 2783  50  39  29
1640 2778  49  40  29
1678 2775  49  39  29
1720 2771  49  39  29
1760 2768  49  39  29
1801 2764  51  38  29
1844 2761  52  38  31
1889 2754  53  38  30
1929 2754  53  38  30
1970 2750  53  36  30
2013 2749  53  36  30
2052 2749  53  36  30
2087 2750  53  36  30
2120 2752  53  35  30
2151 2754  53  35  29
2178 2755  53  33  29
2202 2758  53  33  27
2221 2758  54  33  27
2235 2759  56  33  28
2245 2761  55  33  28
2254 2762  54  33  26
2259 2763  54  33  27
2262 2764  54  33  27
2263 2763  46  33  27
2263 2763  28  33  30
% 
