% .SEGMENT LETTER ? ? "0"
% 
% .PEN_DOWN
1613 2946   6  38  30
1613 2945   7  38  28
1613 2946  11  38  28
1613 2947  13  38  27
1614 2948  16  38  27
1613 2951  20  38  29
1614 2954  22  38  29
1613 2957  25  38  29
1613 2963  27  38  29
1612 2969  28  38  31
1612 2975  29  38  31
1611 2979  29  38  30
1608 2985  29  38  30
1605 2989  29  38  30
1600 2993  29  39  30
1595 2996  31  39  30
1586 2998  33  41  30
1579 2997  36  42  30
1569 2997  37  42  30
1560 2995  38  42  30
1552 2990  38  44  30
1542 2984  41  44  32
1534 2976  42  44  31
1525 2964  43  44  31
1517 2950  46  44  31
1511 2931  47  44  29
1504 2909  48  44  26
1501 2884  51  44  26
1499 2861  52  44  26
1497 2836  53  44  26
1497 2812  53  44  26
1499 2791  53  44  26
1503 2770  53  44  26
1507 2754  53  42  26
1511 2738  53  42  26
1516 2726  53  42  25
1521 2719  53  42  25
1526 2713  53  42  25
1531 2712  53  42  24
1537 2713  54  42  24
1544 2723  54  42  24
1553 2737  54  41  25
1561 2755  51  43  25
1570 2774  50  43  25
1579 2796  49  41  25
1584 2816  49  41  25
1591 2837  49  41  25
1594 2857  49  41  25
1598 2880  49  41  25
1598 2896  49  41  27
1600 2912  51  41  27
1600 2925  50  41  29
1601 2933  49  41  29
1601 2938  49  41  28
1601 2939  51  41  28
1600 2939  52  39  27
1597 2938  53  39  27
1594 2930  53  39  29
1592 2917  53  38  29
1590 2899  53  38  27
1590 2877  53  39  27
1589 2854  53  39  27
1589 2833  53  40  27
1591 2813  53  40  27
1595 2800  53  39  27
1601 2788  53  37  26
1607 2778  54  37  26
1613 2771  54  37  26
1619 2770  49  36  26
1625 2770  36  36  25
1631 2773  18  36  27
% 
% .PEN_UP
1635 2776   0  36  27
1638 2778   0  36  27
1641 2775   0  36  25
1649 2776   0  36  25
1651 2774   0  36  30
1659 2777   0  36  30
1668 2781   0  36  30
1676 2790   0  40  30
1689 2805   0  40  30
1698 2811   0  44  30
1708 2820   0  44  30
1717 2827   0  45  30
1723 2826   0  45  30
1726 2834   0  38  30
1730 2834   0  38  30
1732 2833   0  38  30
1732 2830   0  38  30
1729 2831   0  40  30
1721 2833   0  40  30
1714 2838   0  43  30
1709 2839   0  43  24
1707 2842   0  43  22
1703 2848   0  43  22
1702 2851   0  43  22
1699 2859   0  43  23
1699 2866   0  43  23
1702 2874   0  41  24
1704 2884   0  41  24
1706 2895   0  41  23
1707 2904   0  42  23
1708 2915   0  42  27
1710 2925   0  42  29
1711 2935   0  42  29
1714 2945   0  43  29
1715 2954   0  43  29
1717 2960   0  43  31
1718 2967   0  43  31
1718 2973   0  42  31
1718 2976   0  42  32
1719 2977   0  42  32
% 
% .PEN_DOWN
1716 2978   9  42  33
1717 2977  14  42  33
1718 2973  19  42  31
1718 2968  22  42  31
1716 2962  25  42  31
1714 2950  27  40  29
1712 2930  30  40  29
1708 2909  35  39  29
1706 2885  39  39  26
1704 2857  44  40  26
1701 2834  49  40  26
1702 2812  51  39  26
1705 2794  52  39  25
1711 2777  53  39  24
1718 2764  53  39  24
1726 2755  53  39  24
1733 2749  53  37  25
1744 2746  53  38  25
1755 2747  53  38  24
1767 2754  53  37  24
1778 2765  53  37  24
1787 2779  53  37  24
1794 2798  53  37  24
1800 2817  54  37  24
1805 2835  54  37  23
1808 2855  51  37  24
1811 2876  50  37  24
1813 2897  52  37  24
1812 2916  50  37  25
1810 2930  49  37  25
1806 2939  49  37  26
1805 2946  46  37  26
1801 2951  40  37  28
1797 2955  30  37  27
1792 2959  17  37  27
% 
% .PEN_UP
1789 2962   0  36  27
1784 2957   0  36  28
1780 2948   0  38  28
1779 2935   0  38  30
1778 2924   0  37  28
1780 2915   0  37  28
1783 2901   0  37  28
1789 2883   0  37  27
1793 2864   0  37  27
1802 2849   0  37  27
1805 2832   0  37  27
1809 2819   0  37  27
1812 2808   0  37  27
1814 2795   0  37  28
1814 2787   0  37  28
1813 2776   0  37  31
1812 2771   0  37  31
1811 2770   0  37  30
1811 2768   0  37  30
1808 2769   0  37  29
1806 2770   0  37  29
1803 2768   0  37  29
1801 2767   0  37  29
1798 2766   0  37  27
1797 2764   0  37  27
1796 2761   0  37  28
1796 2760   0  37  28
1795 2757   0  37  29
1796 2756   0  37  29
% 
% .PEN_DOWN
1797 2754   6  37  27
1799 2753  10  37  27
1804 2752  14  37  29
1807 2753  19  37  29
1812 2756  22  37  27
1816 2761  25  37  27
1821 2773  27  37  28
1824 2783  28  38  28
1828 2795  29  38  28
1832 2808  29  39  28
1833 2819  29  39  28
1834 2828  31  42  28
1832 2834  33  41  25
1831 2837  36  41  25
1829 2838  37  41  26
1825 2832  40  41  26
1820 2826  44  41  26
1816 2813  49  41  26
1814 2798  51  41  26
1813 2786  52  41  26
1814 2772  53  43  26
1815 2760  53  41  26
1820 2752  51  41  24
1825 2746  45  43  24
1834 2744  34  43  25
1842 2745  19  42  28
% 
% .PEN_UP
1849 2749   0  42  28
1856 2750   0  43  28
1863 2752   0  43  29
1867 2754   0  44  29
1870 2760   0  42  32
1872 2765   0  42  32
1873 2774   0  42  30
1874 2784   0  42  30
1873 2790   0  41  30
1872 2799   0  41  30
1872 2805   0  41  30
1872 2811   0  40  30
1871 2811   0  40  30
1868 2816   0  40  30
1866 2814   0  39  30
1864 2813   0  39  30
1863 2812   0  39  30
% 
% .PEN_DOWN
1863 2812  11  39  30
1863 2808  15  39  30
1863 2805  19  39  30
1863 2803  24  39  30
1864 2796  27  39  30
1867 2789  30  39  28
1869 2782  32  39  28
1871 2777  33  39  26
1873 2772  33  39  26
1873 2770  34  39  26
1873 2766  34  39  26
1873 2766  34  39  26
1873 2766  34  39  26
1872 2770  34  41  25
1873 2774  34  41  25
1873 2780  34  41  25
1874 2788  31  42  25
1875 2795  33  42  25
1878 2803  31  41  25
1883 2813  30  41  25
1888 2818  29  41  25
1893 2824  29  41  25
1895 2828  31  39  25
1899 2829  30  40  25
1902 2830  32  40  25
1905 2826  33  40  25
1906 2823  36  38  25
1905 2818  37  39  25
1904 2809  38  39  25
1901 2802  41  39  25
1897 2795  42  40  25
1892 2787  45  40  27
1886 2783  49  40  26
1880 2777  51  40  26
1875 2772  52  39  26
1872 2766  53  39  26
1870 2763  53  41  26
1871 2759  53  40  26
1875 2755  53  40  26
1879 2750  53  40  24
1886 2745  51  40  24
1894 2742  42  40  25
1902 2743  26  39  24
% 
% .PEN_UP
1912 2743   0  39  24
1920 2741   0  37  24
1928 2739   0  37  25
1935 2736   0  37  25
1949 2736   0  40  25
1962 2740   0  40  25
1977 2742   0  40  28
1996 2741   0  41  28
2014 2744   0  40  29
2032 2746   0  40  29
2049 2754   0  40  29
2062 2754   0  38  29
2073 2750   0  37  30
2080 2749   0  37  30
2085 2744   0  37  30
2085 2742   0  36  30
2084 2737   0  36  30
2079 2736   0  38  31
2069 2736   0  38  31
2054 2736   0  40  31
2037 2741   0  40  30
2019 2747   0  43  30
2007 2759   0  47  33
1993 2772   0  47  33
1983 2780   0  47  33
1975 2790   0  47  33
1967 2796   0  47  33
1959 2804   0  47  33
1954 2811   0  47  33
1950 2816   0  47  33
1948 2819   0  47  33
1945 2820   0  47  33
1947 2822   0  47  33
1948 2823   0  47  33
1948 2820   0  47  33
1951 2819   0  47  33
1955 2818   0  47  33
1958 2816   0  47  33
1961 2812   0  47  33
1962 2812   0  47  33
1963 2812   0  47  33
1964 2808   0  47  33
1967 2805   0  47  33
1968 2805   0  47  33
1967 2803   0  47  33
1967 2802   0  47  33
1969 2802   0  47  33
1969 2802   0  47  33
1971 2804   0  47  33
1970 2805   0  47  33
1970 2807   0  47  33
% 
% .PEN_DOWN
1970 2809   8  47  33
1969 2811  11  47  33
1968 2811  15  47  33
1967 2812  17  47  33
1966 2812  21  47  33
1965 2814  22  47  33
1962 2814  23  47  33
1958 2813  26  47  33
1957 2815  28  47  33
1954 2813  28  47  33
1952 2813  31  47  33
1948 2811  32  47  33
1947 2811  31  47  33
1947 2810  30  47  33
1948 2811  29  47  33
1950 2810  29  47  33
1952 2808  29  47  33
1956 2807  29  47  33
1964 2806  29  47  33
1971 2803  29  47  33
1975 2799  29  43  33
1981 2795  29  42  33
1985 2788  27  42  33
1988 2780  28  42  33
1989 2773  28  41  33
1989 2766  29  41  31
1988 2759  31  40  31
1985 2750  35  40  31
1981 2745  37  42  31
1976 2743  40  42  29
1972 2741  42  42  30
1967 2740  43  42  30
1962 2740  43  42  30
1958 2740  41  42  28
1953 2744  37  42  28
1951 2747  33  42  27
1950 2752  26  42  27
1951 2756  18  42  29
1953 2763   9  42  31
% 
% .PEN_UP
1956 2772   0  42  31
1960 2780   0  42  31
1965 2786   0  42  31
1968 2795   0  42  31
1975 2804   0  42  31
1980 2813   0  39  31
1986 2823   0  39  31
1993 2829   0  38  31
1998 2838   0  38  29
2005 2844   0  40  27
2008 2848   0  40  27
2009 2850   0  39  27
2009 2848   0  39  27
% 
% .PEN_DOWN
2008 2843  19  40  27
2007 2839  26  41  27
2005 2830  33  41  27
2005 2824  36  41  27
2005 2813  40  39  27
2006 2807  44  39  27
2006 2796  46  40  28
2006 2785  47  40  28
2005 2777  48  41  28
2005 2767  48  41  27
2004 2760  51  39  27
2007 2752  50  39  27
2009 2746  49  38  27
2012 2740  46  39  27
2017 2740  38  38  27
2022 2742  26  38  27
% 
% .PEN_UP
2029 2747   0  39  27
2037 2753   0  39  26
2043 2760   0  40  28
2047 2766   0  40  28
2048 2772   0  38  28
2050 2779   0  38  28
2051 2786   0  40  28
2050 2789   0  38  28
2045 2795   0  38  28
2039 2798   0  38  28
2032 2803   0  39  28
2024 2808   0  41  28
2017 2808   0  41  28
2012 2809   0  41  28
2005 2807   0  41  28
2000 2808   0  41  28
% 
% .PEN_DOWN
1998 2805  33  43  28
1996 2803  38  43  28
1995 2802  41  40  28
1997 2804  42  40  28
2003 2806  43  40  28
2009 2809  43  40  28
2019 2811  39  40  28
2028 2811  26  39  28
% 
% .PEN_UP
2037 2812   0  40  28
2048 2810   0  40  28
2053 2811   0  39  28
2057 2810   0  39  28
2060 2807   0  41  28
2064 2805   0  38  28
2071 2806   0  38  28
2081 2804   0  38  28
2090 2805   0  38  28
2100 2806   0  38  28
2112 2809   0  38  28
2121 2811   0  38  28
2128 2812   0  45  28
2134 2812   0  45  28
2134 2810   0  44  28
2134 2809   0  44  28
2130 2805   0  44  28
2124 2801   0  44  28
2118 2799   0  44  28
2111 2797   0  44  28
2104 2794   0  44  28
2098 2792   0  44  28
2091 2792   0  39  28
2085 2794   0  39  28
2082 2797   0  37  28
2080 2799   0  37  28
2078 2798   0  36  28
2075 2802   0  36  28
2073 2807   0  39  28
2071 2810   0  39  28
2071 2811   0  39  28
2071 2812   0  39  28
2069 2812   0  40  28
2067 2812   0  40  28
2066 2812   0  41  28
2065 2811   0  41  28
2065 2812   0  41  28
% 
% .PEN_DOWN
2064 2809   6  41  28
2064 2807  10  41  28
2066 2804  12  41  28
2068 2799  16  41  28
2069 2794  22  41  28
2072 2787  26  40  28
2073 2776  30  40  27
2073 2767  32  41  27
2073 2758  35  41  27
2073 2749  37  41  27
2074 2739  38  41  27
2073 2736  38  41  27
2074 2733  39  40  25
2074 2734  39  40  25
2072 2734  39  40  26
2071 2740  36  41  28
2071 2747  35  41  26
2073 2756  34  39  26
2074 2767  34  39  28
2075 2777  34  41  28
2079 2786  31  40  28
2083 2794  30  40  28
2089 2803  30  40  28
2094 2810  29  40  28
2098 2812  29  40  28
2102 2812  29  40  28
2102 2813  29  40  28
2102 2811  31  40  28
2103 2809  33  40  28
2103 2805  33  40  28
2100 2798  33  40  28
2098 2793  34  40  28
2096 2787  36  41  28
2092 2783  37  39  28
2088 2778  41  39  27
2085 2772  45  41  27
2082 2766  47  40  26
2079 2761  48  41  26
2079 2758  48  41  26
2080 2754  48  40  26
2084 2751  48  40  26
2090 2750  46  40  26
2097 2748  40  40  26
2103 2748  32  40  26
2110 2746  21  41  26
% 
% .PEN_UP
2118 2747   0  40  26
2126 2747   0  40  26
2132 2746   0  41  26
2137 2748   0  41  28
2142 2751   0  42  29
2149 2754   0  42  29
2153 2756   0  40  29
2158 2761   0  40  29
2160 2765   0  41  29
2162 2768   0  42  29
2162 2772   0  42  29
2162 2775   0  42  29
% 
% .PEN_DOWN
2163 2778   6  40  29
2162 2785  10  40  29
2163 2789  14  39  29
2163 2795  17  39  29
2164 2801  20  43  29
2162 2805  25  43  29
2158 2810  29  40  29
2154 2812  31  40  29
2152 2816  35  43  29
2148 2819  37  42  29
2143 2818  40  44  29
2139 2816  42  44  29
2135 2813  43  42  29
2132 2807  43  42  29
2130 2799  46  42  29
2126 2790  47  42  29
2127 2778  50  42  29
2127 2766  52  39  30
2129 2756  53  41  30
2131 2747  53  41  28
2135 2745  53  39  28
2140 2742  53  39  26
2145 2744  53  38  26
2150 2747  51  38  26
2154 2753  47  40  26
2159 2761  43  39  28
2162 2771  38  39  28
2164 2777  36  39  28
2166 2781  33  39  28
2167 2784  31  39  28
2166 2785  30  39  29
2167 2784  29  39  29
2167 2780  29  39  29
2168 2771  31  39  27
2171 2761  35  39  27
2169 2753  37  39  29
2171 2744  35  39  29
2175 2740  37  39  28
2178 2737  38  39  28
2182 2737  38  39  25
2185 2742  39  39  25
2187 2747  39  39  28
2189 2754  39  40  28
2194 2766  39  40  28
2197 2773  39  40  28
2199 2784  39  39  28
2204 2791  39  39  28
2208 2799  39  39  28
2210 2808  39  38  28
2210 2815  39  38  28
2209 2819  39  40  28
2210 2820  39  40  28
2207 2821  41  38  28
2206 2824  45  37  28
2205 2824  49  38  28
2202 2823  51  38  28
2201 2820  52  37  28
2200 2813  53  37  28
2199 2808  53  39  28
2198 2801  53  39  28
2199 2792  51  39  28
2200 2782  50  39  27
2201 2771  49  40  28
2204 2760  49  40  28
2207 2750  49  41  28
2210 2741  49  41  28
2214 2733  51  39  28
2218 2729  52  39  28
2222 2730  50  39  28
2225 2731  47  39  27
2227 2731  40  37  27
2232 2735  30  37  29
2234 2741  17  36  27
% 
% .PEN_UP
2237 2747   0  36  27
2239 2754   0  36  27
2241 2761   0  36  28
2239 2767   0  36  28
2237 2774   0  35  28
2231 2782   0  35  28
2223 2784   0  35  26
2216 2785   0  36  26
2208 2788   0  38  26
2200 2790   0  38  26
2194 2787   0  38  27
% 
% .PEN_DOWN
2189 2786  24  39  27
2186 2787  34  39  27
2185 2789  41  39  27
2185 2789  45  39  27
2188 2790  44  39  27
2193 2793  46  38  27
2201 2796  43  38  27
2207 2799  36  38  27
2215 2800  25  38  27
% 
% .PEN_UP
2221 2801   0  38  27
2225 2799   0  38  27
2231 2798   0  38  27
2233 2795   0  37  27
2235 2791   0  37  27
2238 2787   0  34  27
2242 2786   0  34  30
2244 2786   0  34  30
2249 2786   0  34  31
2251 2786   0  34  31
2254 2787   0  34  32
2258 2785   0  34  32
2260 2783   0  34  32
2260 2781   0  34  32
2260 2778   0  34  32
2258 2775   0  34  32
2258 2773   0  34  30
2256 2769   0  34  30
2255 2766   0  34  30
2253 2762   0  34  30
% 
% .PEN_DOWN
2252 2758   6  34  28
2252 2756  10  34  28
2252 2754  14  34  27
2251 2753  19  34  27
2253 2752  24  34  26
2254 2752  29  34  26
2254 2753  31  34  28
2254 2754  33  34  27
2256 2760  36  34  27
2260 2767  35  34  27
2263 2775  34  34  28
2265 2783  34  34  28
2267 2791  34  34  28
2269 2797  34  34  28
2271 2802  34  34  28
2271 2808  34  34  28
2270 2809  34  34  28
2270 2811  34  34  28
2270 2812  34  34  28
2269 2811  34  34  28
2268 2807  34  34  28
2268 2801  36  34  28
2269 2796  38  34  28
2269 2793  41  34  28
2269 2786  42  34  28
2271 2781  43  34  26
2274 2778  43  34  26
2275 2778  44  34  26
2280 2777  44  34  27
2283 2778  44  35  28
2287 2777  44  35  28
2288 2775  44  36  28
2289 2776  44  36  26
2289 2775  44  36  26
2289 2773  44  36  28
2290 2772  44  36  28
2290 2771  44  36  28
2289 2772  46  36  29
2287 2772  45  36  28
2284 2774  47  38  28
2280 2776  48  38  29
2274 2775  48  38  29
2266 2775  48  38  29
2253 2774  48  37  29
2235 2773  48  38  31
2208 2770  51  38  31
2175 2767  50  38  30
2138 2764  49  38  30
2094 2763  51  38  28
2043 2758  52  39  29
1993 2751  53  39  29
1940 2743  53  40  29
1886 2733  53  40  28
1834 2728  53  40  28
1783 2722  53  40  28
1732 2720  53  40  28
1685 2721  53  41  28
1638 2726  53  41  28
1592 2729  53  41  27
1550 2729  53  41  27
1515 2725  56  39  27
1483 2724  55  39  27
1455 2721  54  39  28
1434 2718  54  39  28
1418 2716  54  39  28
1410 2717  54  39  28
1406 2718  54  39  28
1411 2724  54  39  29
1422 2730  54  39  29
1441 2740  54  37  29
1465 2747  54  36  29
1493 2755  54  39  29
1523 2762  51  39  31
1563 2763  52  36  31
1603 2767  53  36  32
1641 2768  51  38  32
1684 2770  50  37  30
1731 2771  49  37  30
1778 2775  49  37  30
1829 2779  51  38  30
1883 2784  50  38  30
1933 2793  52  39  30
1983 2799  53  39  30
2031 2804  53  35  30
2072 2809  53  35  30
2108 2811  53  36  30
2141 2814  53  36  30
2172 2814  53  36  30
2199 2814  53  36  30
2220 2816  53  36  30
2238 2815  53  36  30
2250 2817  53  36  30
2259 2817  54  36  30
2265 2818  54  36  30
2267 2818  54  36  30
2270 2820  54  36  30
2270 2821  54  36  30
2269 2826  54  36  30
2269 2831  54  36  30
2267 2839  46  36  30
2267 2844  28  36  28
% 
