% .SEGMENT LETTER ? ? "0"
% 
% .PEN_DOWN
1581 2828   2  37  25
1582 2828   3  37  25
1583 2826   6  37  24
1585 2824   8  37  24
1585 2824  11  37  23
1586 2824  15  37  23
1586 2824  19  37  25
1586 2824  22  39  25
1586 2824  25  38  26
1585 2826  30  38  26
1586 2829  32  38  26
1586 2831  33  39  28
1585 2836  33  39  26
1584 2843  36  40  26
1584 2850  35  40  28
1582 2855  37  40  28
1580 2861  38  40  29
1578 2868  38  40  29
1575 2875  39  40  29
1572 2882  39  40  29
1567 2889  39  40  28
1563 2894  39  39  28
1560 2897  39  39  28
1554 2897  41  41  28
1550 2897  42  41  28
1545 2896  43  41  28
1541 2893  43  41  28
1537 2888  46  43  27
1533 2877  47  43  27
1529 2864  48  40  27
1525 2849  48  40  24
1522 2831  51  41  24
1520 2815  52  41  24
1518 2797  55  41  24
1516 2783  57  41  27
1516 2769  58  41  27
1516 2758  58  39  28
1518 2749  58  39  28
1522 2741  58  39  27
1526 2738  58  38  27
1533 2736  58  38  27
1539 2738  56  40  26
1547 2743  55  40  26
1555 2753  57  40  26
1563 2765  55  40  26
1568 2778  54  40  26
1574 2792  54  40  26
1579 2805  54  40  26
1583 2821  51  40  24
1585 2838  50  41  24
1588 2852  49  39  27
1588 2860  51  39  27
1590 2870  52  39  28
1589 2874  53  40  28
1588 2874  53  40  28
1587 2874  53  40  27
1585 2866  56  40  27
1582 2854  57  40  27
1581 2839  58  40  27
1578 2822  58  38  27
1576 2808  58  39  27
1578 2796  58  39  27
1581 2784  58  39  27
1586 2774  58  39  27
1591 2767  58  39  26
1597 2761  56  36  25
1604 2758  47  36  25
1609 2757  33  36  25
% 
% .PEN_UP
1616 2759   0  36  25
1623 2760   0  36  29
1627 2761   0  36  29
1630 2760   0  36  29
1637 2763   0  36  32
1644 2767   0  36  32
1651 2773   0  42  32
1659 2785   0  42  32
1665 2797   0  42  32
1674 2800   0  42  32
1679 2801   0  42  32
1681 2804   0  42  32
1686 2807   0  42  32
1690 2808   0  44  32
1690 2809   0  44  32
1689 2809   0  44  32
1687 2809   0  44  32
1686 2812   0  43  32
1684 2815   0  43  32
1682 2818   0  42  32
1678 2820   0  42  32
1676 2824   0  42  28
1673 2826   0  42  28
1672 2831   0  41  28
1669 2832   0  41  25
1668 2835   0  41  23
1667 2838   0  41  23
1667 2842   0  41  23
1667 2845   0  41  24
1668 2848   0  41  24
1668 2854   0  41  25
1669 2857   0  41  25
1669 2862   0  41  25
% 
% .PEN_DOWN
1669 2865   2  43  25
1670 2870   6  43  27
1670 2875  10  42  27
1669 2876  14  42  28
1669 2877  19  43  28
1667 2877  24  43  28
1666 2876  29  42  28
1666 2869  34  42  27
1665 2860  36  41  27
1663 2848  40  41  27
1662 2831  44  41  27
1661 2813  49  41  27
1661 2795  51  41  27
1661 2779  55  41  28
1664 2762  57  43  27
1669 2747  58  43  27
1674 2735  58  42  27
1679 2729  58  42  27
1688 2727  58  40  27
1698 2725  58  39  25
1706 2731  58  39  25
1713 2739  58  39  25
1720 2749  58  38  25
1726 2759  58  37  27
1730 2773  58  37  27
1733 2790  59  37  27
1734 2800  59  37  27
1735 2814  56  37  25
1734 2831  57  37  27
1730 2845  55  37  27
1727 2856  52  40  27
1724 2866  50  40  28
1720 2874  47  40  28
1717 2878  43  39  28
1715 2879  38  39  28
1714 2879  29  39  29
1712 2876  16  39  29
% 
% .PEN_UP
1711 2870   0  39  29
1712 2859   0  41  27
1712 2852   0  41  27
1713 2840   0  41  27
1717 2829   0  41  27
1721 2820   0  39  27
1729 2813   0  38  27
1733 2805   0  38  27
1740 2796   0  38  27
1746 2786   0  38  27
1755 2776   0  38  28
1760 2769   0  39  28
1764 2765   0  39  28
1768 2760   0  39  28
1771 2759   0  39  29
1773 2760   0  37  29
1771 2761   0  37  29
1770 2759   0  36  29
1770 2761   0  36  29
1767 2759   0  38  29
1765 2759   0  38  29
1762 2761   0  38  29
1761 2762   0  38  29
1757 2761   0  40  29
1754 2762   0  40  29
1752 2762   0  41  29
1750 2760   0  39  31
1749 2762   0  39  31
1747 2760   0  39  32
1747 2762   0  39  32
1746 2760   0  39  31
1746 2757   0  40  30
1746 2754   0  40  30
% 
% .PEN_DOWN
1745 2751   9  41  30
1745 2749  14  41  30
1745 2747  19  41  30
1747 2745  24  41  28
1749 2743  29  41  28
1751 2746  31  41  27
1754 2750  35  39  27
1758 2756  37  39  28
1762 2763  38  39  28
1764 2773  41  39  28
1768 2782  42  39  28
1769 2792  43  39  28
1770 2798  43  39  28
1770 2802  44  39  28
1767 2805  44  37  28
1764 2804  46  37  28
1760 2803  50  37  28
1754 2799  52  39  28
1750 2793  55  39  28
1747 2785  54  39  28
1742 2774  54  40  28
1741 2765  54  40  27
1742 2755  54  40  28
1745 2746  54  40  28
1751 2742  54  41  28
1756 2738  49  41  29
1765 2736  41  40  28
1772 2733  30  40  28
1777 2733  20  40  28
1783 2733  10  40  27
% 
% .PEN_UP
1788 2734   0  40  27
1790 2735   0  40  29
1793 2740   0  40  29
1794 2745   0  40  29
1795 2747   0  40  29
1796 2754   0  40  29
1795 2758   0  40  27
1795 2762   0  40  27
1794 2767   0  40  27
1792 2772   0  40  27
1792 2777   0  40  27
1789 2782   0  40  27
1789 2785   0  40  27
1788 2786   0  40  27
1786 2789   0  40  27
% 
% .PEN_DOWN
1785 2790   6  40  27
1785 2792   7  40  27
1784 2792  11  40  27
1783 2793  15  40  27
1784 2794  17  40  27
1785 2795  20  40  27
1784 2791  25  40  27
1783 2787  27  40  27
1787 2782  30  40  27
1787 2777  32  40  27
1788 2771  35  40  28
1789 2765  37  40  28
1791 2760  38  40  29
1790 2753  38  40  27
1791 2750  41  40  27
1792 2748  42  40  27
1791 2747  41  40  28
1790 2749  40  40  28
1790 2753  39  40  29
1791 2757  41  40  31
1792 2763  40  40  31
1794 2770  39  40  31
1797 2776  39  40  31
1799 2782  39  40  31
1803 2788  39  40  31
1805 2793  39  40  31
1806 2796  39  40  31
1808 2795  41  40  31
1809 2794  45  40  31
1809 2791  49  40  31
1807 2787  51  40  31
1806 2782  52  40  31
1803 2779  53  40  31
1802 2773  51  40  30
1799 2769  52  40  30
1797 2767  53  40  30
1795 2763  53  40  28
1792 2760  53  40  28
1791 2758  53  40  27
1790 2757  53  40  27
1791 2752  53  40  26
1791 2749  53  40  26
1791 2746  53  40  26
1794 2746  46  40  28
1799 2744  38  40  28
1804 2744  26  40  28
% 
% .PEN_UP
1809 2743   0  41  29
1814 2740   0  41  29
1818 2740   0  41  28
1822 2740   0  41  28
1827 2743   0  41  31
1831 2741   0  40  30
1834 2742   0  40  30
1838 2747   0  39  30
1842 2745   0  39  30
1844 2745   0  39  28
1847 2749   0  39  28
1847 2753   0  39  28
1846 2759   0  39  28
1846 2763   0  39  28
1846 2769   0  39  28
1845 2772   0  36  28
1847 2773   0  36  28
1846 2775   0  37  28
1845 2779   0  37  28
1845 2779   0  38  28
% 
% .PEN_DOWN
1843 2781  12  38  28
1842 2785  18  40  28
1840 2786  23  39  28
1838 2791  26  41  28
1834 2795  28  41  28
1832 2796  31  39  28
1826 2798  35  39  28
1823 2797  37  42  28
1820 2797  38  42  28
1816 2795  38  42  28
1814 2793  41  42  28
1814 2790  42  42  28
1813 2789  43  42  28
1812 2784  43  42  28
1814 2782  44  41  28
1818 2780  44  41  28
1825 2778  44  41  28
1829 2773  44  41  28
1836 2769  44  40  29
1841 2763  46  40  29
1845 2758  47  40  27
1848 2755  48  41  27
1849 2750  48  41  28
1849 2744  48  42  28
1846 2741  48  42  27
1843 2739  48  42  27
1841 2736  48  40  27
1835 2734  44  40  27
1830 2735  39  40  26
1825 2736  31  38  28
1821 2740  23  38  28
1817 2746  14  38  28
% 
% .PEN_UP
1815 2752   0  38  28
1814 2758   0  38  28
1817 2764   0  42  28
1819 2770   0  42  28
1822 2778   0  42  28
1825 2786   0  42  28
1828 2793   0  42  28
1833 2801   0  42  28
1839 2806   0  42  28
1845 2812   0  42  28
1849 2818   0  42  28
1852 2821   0  43  28
1854 2822   0  43  28
% 
% .PEN_DOWN
1859 2822  18  41  28
1857 2824  26  41  25
1861 2821  32  40  25
1861 2816  38  40  25
1864 2812  43  40  25
1864 2806  48  40  25
1864 2801  51  39  25
1864 2794  52  39  25
1865 2787  55  39  25
1864 2777  57  39  25
1863 2770  58  37  25
1863 2761  58  37  25
1862 2751  58  36  25
1862 2746  58  38  25
1863 2740  58  38  25
1864 2736  58  38  26
1869 2735  56  39  26
1872 2735  50  38  26
1878 2737  42  38  26
1883 2738  30  38  28
1886 2742  15  37  29
% 
% .PEN_UP
1892 2745   0  37  29
1894 2751   0  38  29
1896 2751   0  38  29
1897 2756   0  36  29
1898 2758   0  36  31
1898 2762   0  37  31
1898 2766   0  37  32
1894 2767   0  37  32
1888 2773   0  37  32
1882 2777   0  39  32
1876 2780   0  39  32
1870 2783   0  39  32
1866 2787   0  41  32
1864 2789   0  41  32
1859 2788   0  41  32
% 
% .PEN_DOWN
1858 2790  26  38  32
1857 2789  35  38  32
1857 2788  42  36  32
1857 2788  48  35  32
1859 2790  51  35  32
1863 2791  52  35  32
1867 2789  50  37  32
1870 2789  45  37  32
1875 2788  34  37  32
1880 2788  17  37  32
% 
% .PEN_UP
1882 2785   0  37  32
1884 2782   0  37  32
1886 2779   0  37  32
1889 2779   0  37  32
1899 2780   0  36  32
1909 2784   0  32  32
1919 2786   0  32  32
1929 2786   0  32  32
1935 2784   0  32  32
1938 2779   0  32  32
1944 2777   0  32  30
1948 2770   0  32  30
1952 2769   0  32  30
1952 2764   0  32  32
1948 2758   0  32  32
1944 2754   0  32  33
1939 2754   0  32  33
1936 2757   0  32  33
1933 2759   0  34  33
1928 2762   0  35  31
1925 2765   0  35  31
1922 2766   0  35  30
1918 2769   0  35  30
1916 2769   0  35  29
1914 2769   0  35  29
% 
% .PEN_DOWN
1912 2773   4  37  29
1911 2776   2  37  29
1910 2778   1  37  29
% 
% .PEN_UP
1909 2781   0  35  29
1908 2782   0  35  29
1908 2783   0  35  29
1908 2785   0  35  29
1906 2786   0  38  29
% 
% .PEN_DOWN
1904 2787   2  38  29
1903 2788   3  40  29
1903 2788   4  40  29
1903 2792   6  41  29
1904 2792  10  41  29
1904 2790  15  39  29
1904 2789  17  42  29
1906 2786  20  41  29
1908 2782  22  41  29
1908 2776  28  42  29
1909 2770  31  42  29
1910 2763  32  42  29
1911 2757  33  42  29
1911 2751  36  38  30
1911 2747  37  38  30
1911 2747  38  36  30
1912 2746  38  36  28
1913 2746  39  35  28
1912 2746  39  35  29
1912 2749  39  35  29
1912 2755  39  35  29
1912 2760  39  35  29
1911 2767  39  35  29
1912 2772  39  35  29
1913 2776  39  35  29
1916 2782  39  35  29
1919 2789  39  35  29
1923 2792  39  37  29
1925 2794  36  37  29
1926 2793  38  36  29
1928 2794  38  36  29
1930 2797  41  36  29
1933 2792  42  36  29
1934 2792  43  36  29
1934 2790  46  36  29
1934 2786  45  36  29
1932 2781  47  36  29
1930 2778  48  38  29
1926 2775  48  38  29
1923 2771  48  38  29
1919 2766  48  38  29
1915 2765  48  37  29
1913 2762  48  37  29
1911 2760  48  37  29
1910 2758  51  37  27
1910 2756  52  36  27
1910 2754  53  36  26
1912 2749  53  37  26
1914 2745  53  37  26
1917 2744  51  38  26
1921 2742  50  38  26
1926 2738  42  38  26
1930 2737  33  38  26
1936 2735  24  38  28
% 
% .PEN_UP
1940 2735   0  38  28
1945 2735   0  38  28
1949 2735   0  38  27
1952 2736   0  38  28
1955 2738   0  38  28
1958 2742   0  38  28
1962 2745   0  38  29
1964 2748   0  38  29
1966 2750   0  40  29
1969 2752   0  40  29
1970 2756   0  40  29
1970 2758   0  40  29
1971 2759   0  41  29
1972 2764   0  41  29
1973 2765   0  41  31
1975 2769   0  38  31
1976 2769   0  38  32
1977 2771   0  39  32
1976 2774   0  40  32
% 
% .PEN_DOWN
1976 2776  11  40  32
1975 2777  15  40  32
1977 2779  19  40  32
1976 2782  24  40  32
1975 2785  27  40  32
1975 2789  30  40  32
1974 2791  34  40  32
1972 2792  39  40  32
1969 2795  41  40  32
1965 2795  45  40  32
1961 2794  47  40  32
1957 2791  48  40  32
1952 2784  48  40  32
1950 2779  51  40  32
1946 2769  52  40  32
1944 2758  55  40  29
1943 2749  57  40  29
1943 2742  58  40  27
1942 2734  56  40  29
1944 2729  55  40  29
1947 2727  54  40  29
1952 2726  54  40  30
1956 2727  54  40  30
1960 2731  54  40  30
1965 2737  51  40  30
1968 2743  47  40  30
1971 2749  46  40  30
1973 2757  42  40  29
1974 2762  40  40  29
1975 2764  37  40  31
1976 2764  38  40  31
1976 2763  41  40  30
1977 2761  42  38  30
1976 2754  43  38  30
1976 2747  46  37  30
1976 2741  47  37  28
1977 2736  50  37  28
1979 2730  49  37  27
1981 2727  51  37  27
1983 2730  50  37  27
1985 2733  49  37  27
1987 2735  49  37  26
1990 2741  49  37  26
1991 2750  49  37  28
1994 2759  46  38  28
1996 2766  45  38  28
1997 2778  42  38  28
1997 2787  40  38  28
1998 2795  40  38  28
1998 2798  39  37  28
1999 2801  39  37  28
1997 2802  41  37  28
1996 2805  43  37  28
1996 2805  46  37  28
1996 2804  47  37  28
1994 2802  50  37  28
1992 2799  52  37  28
1990 2793  53  37  28
1990 2785  53  39  28
1990 2776  53  39  28
1990 2767  53  38  28
1991 2758  53  38  27
1993 2750  53  38  27
1995 2744  53  38  27
1999 2740  51  38  27
2003 2738  45  38  28
2008 2737  37  36  28
2013 2739  26  36  27
2017 2740  13  36  28
% 
% .PEN_UP
2022 2742   0  36  28
2025 2746   0  38  28
2027 2749   0  38  27
2027 2755   0  39  27
2028 2760   0  40  28
2023 2761   0  40  28
2020 2764   0  40  28
2013 2767   0  39  28
2006 2770   0  39  26
2000 2771   0  39  26
1994 2772   0  38  26
1990 2773   0  38  26
1986 2772   0  38  27
% 
% .PEN_DOWN
1984 2771  29  37  27
1982 2773  34  39  27
1982 2774  36  39  27
1984 2775  38  39  27
1987 2776  38  38  27
1991 2777  38  38  27
1995 2777  34  38  27
2000 2777  24  38  27
% 
% .PEN_UP
2004 2777   0  38  27
2009 2777   0  37  27
2012 2774   0  37  27
2015 2772   0  37  30
2018 2769   0  36  30
2022 2770   0  37  29
2025 2773   0  37  29
2028 2773   0  37  29
2033 2769   0  37  29
2037 2768   0  37  32
2040 2767   0  38  32
2045 2765   0  38  30
2047 2763   0  38  30
2044 2758   0  38  30
2041 2755   0  36  30
2039 2752   0  36  27
2035 2750   0  36  27
2032 2750   0  36  28
2030 2750   0  34  28
2029 2748   0  34  31
2027 2749   0  35  31
2028 2747   0  35  32
2028 2745   0  35  32
2027 2745   0  35  31
2026 2743   0  37  31
% 
% .PEN_DOWN
2027 2741  14  38  30
2027 2740  17  38  30
2028 2742  20  38  28
2028 2743  25  39  28
2031 2743  27  39  29
2033 2747  28  39  29
2034 2752  31  38  29
2038 2760  32  38  29
2042 2769  33  38  29
2043 2775  33  37  29
2043 2782  34  37  29
2044 2789  36  37  29
2043 2793  37  37  29
2042 2796  41  37  29
2039 2796  42  37  29
2036 2798  45  36  29
2033 2797  47  36  29
2030 2791  50  36  29
2026 2787  49  36  29
2023 2782  51  36  29
2020 2775  55  36  29
2018 2767  57  37  27
2017 2760  58  37  27
2018 2755  58  38  27
2019 2750  58  38  26
2022 2747  56  37  26
2027 2745  55  37  26
2033 2743  54  37  26
2039 2746  51  37  28
2045 2750  48  37  28
2053 2754  43  37  28
2059 2757  38  36  28
2064 2761  34  36  28
2068 2765  31  36  28
2072 2766  28  36  30
2076 2767  26  36  30
2079 2767  25  36  29
2082 2765  24  36  29
2083 2764  29  36  31
2083 2761  34  36  31
2084 2761  36  36  30
2082 2757  40  36  29
2080 2755  42  36  29
2076 2754  45  33  29
2072 2753  47  33  29
2064 2754  50  34  29
2053 2754  52  34  29
2038 2754  53  37  29
2019 2759  53  39  29
1997 2763  56  39  29
1977 2770  57  39  29
1954 2774  58  39  29
1926 2775  56  39  29
1894 2776  57  39  29
1861 2776  55  39  29
1828 2770  54  39  29
1792 2766  54  39  29
1753 2763  54  41  29
1713 2761  51  41  29
1676 2762  47  41  29
1638 2767  46  41  29
1599 2773  45  42  29
1566 2780  47  42  29
1538 2789  48  44  29
1517 2798  48  44  29
1500 2803  51  44  29
1487 2808  52  44  29
1477 2812  53  39  29
1469 2815  56  37  29
1462 2815  57  37  29
1460 2815  58  37  29
1460 2816  58  36  29
1463 2816  58  36  29
1468 2812  58  36  29
1479 2809  58  36  29
1494 2807  58  36  29
1513 2803  58  36  29
1541 2797  58  36  29
1576 2796  58  36  29
1614 2795  58  36  29
1656 2793  59  35  29
1701 2796  59  37  29
1747 2794  59  37  29
1789 2795  59  35  29
1831 2795  56  35  29
1875 2794  55  35  29
1915 2791  57  35  29
1950 2790  55  36  29
1985 2789  57  36  29
2020 2788  55  35  29
2050 2788  54  35  29
2073 2788  56  35  29
2092 2787  57  35  29
2105 2786  58  35  29
2115 2784  58  36  29
2122 2781  58  36  29
2125 2780  58  36  29
2127 2779  58  34  29
2128 2779  58  34  29
2127 2779  58  33  29
2127 2779  58  33  29
2125 2778  53  35  29
2122 2780  41  35  29
2119 2780  23  35  29
% 
