% .SEGMENT LETTER ? ? "0"
% 
% .PEN_DOWN
1616 2845   9  39  24
1617 2846  12  39  24
1616 2848  13  38  25
1615 2850  14  38  25
1615 2855  14  38  26
1614 2863  14  38  26
1614 2872  14  38  27
1612 2883  14  38  27
1608 2894  17  38  28
1605 2904  20  40  29
1599 2914  22  40  28
1593 2921  23  40  28
1586 2929  26  40  29
1578 2935  28  40  29
1572 2938  28  41  30
1565 2940  31  41  30
1557 2938  32  41  30
1549 2931  33  41  31
1545 2920  33  41  31
1540 2907  36  41  31
1534 2885  37  41  31
1531 2863  38  42  31
1530 2839  41  43  31
1529 2816  42  43  31
1530 2797  45  43  28
1531 2777  49  42  28
1535 2761  49  42  27
1540 2749  51  42  27
1546 2738  52  42  27
1554 2730  53  42  27
1562 2731  53  42  25
1570 2733  53  39  25
1579 2741  53  40  26
1589 2750  53  40  26
1598 2767  53  40  25
1607 2783  53  39  25
1613 2806  53  39  25
1618 2824  51  39  25
1621 2844  50  39  26
1623 2866  49  39  27
1624 2884  49  39  25
1625 2894  49  39  25
1624 2900  49  39  27
1624 2903  51  39  27
1623 2902  52  39  26
1621 2894  53  38  26
1618 2879  53  40  26
1617 2862  51  40  26
1617 2840  50  40  26
1617 2820  49  39  26
1617 2803  51  39  26
1620 2788  50  39  26
1626 2775  52  39  26
1632 2768  50  39  26
1638 2763  42  39  28
1647 2761  26  39  28
% 
% .PEN_UP
1656 2763   0  40  27
1662 2763   0  40  27
1667 2761   0  40  26
1673 2761   0  43  26
1678 2765   0  44  28
1687 2769   0  44  28
1703 2778   0  44  28
1724 2795   0  38  28
1746 2806   0  38  28
1766 2818   0  38  20
1782 2828   0  38  20
1798 2833   0  38  20
1809 2838   0  38  18
1816 2840   0  42  18
1823 2839   0  47  13
1823 2835   0  47  13
1821 2832   0  47  13
1819 2829   0  47  13
1814 2829   0  47  13
1809 2830   0  47  13
1802 2832   0  47  13
1794 2834   0  47  13
1787 2839   0  47  19
1783 2843   0  43  19
1777 2847   0  42  22
1773 2850   0  42  22
1769 2853   0  42  24
1768 2854   0  40  24
1766 2858   0  39  27
1765 2860   0  39  27
1765 2861   0  39  28
1764 2863   0  41  28
1764 2863   0  42  27
1764 2865   0  42  27
1764 2868   0  42  26
1764 2871   0  42  26
1763 2875   0  42  25
1764 2878   0  40  25
1764 2880   0  41  27
1765 2885   0  41  27
1764 2888   0  41  28
1765 2892   0  41  28
1764 2894   0  40  28
1762 2898   0  40  28
% 
% .PEN_DOWN
1760 2903   2  40  28
1760 2907   3  39  28
1759 2913   4  39  28
1759 2916   6  38  28
1759 2919   8  38  28
1760 2922  11  38  28
1759 2922  15  38  28
1759 2922  20  40  28
1758 2920  24  40  28
1757 2917  27  40  28
1754 2909  30  40  28
1751 2896  32  41  28
1748 2879  35  41  27
1747 2859  40  40  27
1746 2839  42  42  27
1746 2818  45  42  27
1749 2801  47  42  28
1752 2784  48  42  28
1757 2771  48  42  29
1763 2760  48  40  29
1772 2754  48  40  28
1781 2750  48  40  28
1791 2751  48  40  29
1800 2759  48  40  29
1810 2773  51  40  29
1817 2789  52  42  29
1823 2806  53  42  29
1828 2823  53  43  29
1832 2842  53  43  28
1832 2862  53  42  26
1830 2877  53  42  26
1829 2892  53  43  26
1827 2902  53  43  25
1824 2910  53  43  25
1819 2916  49  43  28
1818 2918  44  43  28
1815 2918  34  43  28
1813 2914  22  43  28
% 
% .PEN_UP
1812 2906   0  43  28
1810 2893   0  43  28
1809 2876   0  43  24
1807 2859   0  43  24
1806 2842   0  43  24
1807 2827   0  43  24
1808 2813   0  43  24
1811 2801   0  43  24
1814 2790   0  43  27
1815 2778   0  43  27
1818 2769   0  45  28
1821 2764   0  45  28
1823 2759   0  45  29
1827 2756   0  46  29
1830 2752   0  43  30
1833 2751   0  43  30
1834 2752   0  43  28
% 
% .PEN_DOWN
1836 2754  14  44  28
1838 2757  19  44  27
1840 2765  24  44  28
1842 2775  27  44  28
1845 2787  28  43  28
1850 2799  31  42  28
1853 2810  32  42  28
1852 2816  36  42  28
1852 2823  40  42  28
1851 2827  44  42  28
1850 2829  49  41  28
1847 2827  51  41  28
1844 2823  52  41  28
1840 2812  53  41  28
1837 2803  53  41  26
1836 2792  53  41  27
1835 2783  53  39  27
1836 2775  53  39  26
1838 2768  53  38  26
1842 2762  53  40  26
1849 2759  51  40  26
1855 2758  45  40  26
1863 2759  32  39  26
1871 2761  16  39  28
% 
% .PEN_UP
1878 2762   0  40  29
1882 2760   0  40  29
1885 2758   0  38  29
1886 2757   0  38  27
1888 2757   0  40  27
1891 2756   0  39  28
1893 2757   0  39  28
1895 2757   0  39  32
1896 2758   0  39  32
1899 2761   0  39  31
1904 2762   0  39  31
1906 2764   0  39  30
1910 2765   0  39  30
1909 2767   0  39  29
1909 2767   0  39  29
1907 2768   0  40  31
1906 2771   0  40  31
1899 2777   0  40  30
1894 2780   0  41  30
1889 2784   0  41  30
1887 2786   0  40  30
1884 2787   0  40  30
1882 2788   0  40  30
1880 2790   0  40  30
1880 2791   0  40  30
1880 2795   0  40  30
1880 2797   0  40  30
1880 2798   0  40  30
1878 2800   0  42  30
1879 2802   0  42  30
1879 2803   0  41  30
1878 2806   0  41  30
1877 2807   0  42  30
1876 2809   0  42  30
% 
% .PEN_DOWN
1876 2810   2  41  30
1876 2811   3  41  30
1875 2811   6  40  30
1876 2811  10  40  30
1877 2806  15  40  30
1879 2803  17  40  30
1882 2796  20  40  30
1883 2787  25  40  30
1885 2779  27  40  28
1886 2770  28  40  28
1888 2764  28  40  28
1889 2761  29  40  27
1890 2754  29  40  27
1890 2753  29  40  27
1891 2751  29  40  27
1891 2754  29  40  26
1891 2756  29  40  26
1891 2764  29  40  28
1891 2773  29  40  28
1894 2782  31  40  28
1896 2795  30  41  28
1901 2806  30  41  28
1907 2811  32  39  28
1913 2814  30  37  28
1917 2817  32  39  28
1919 2817  33  39  28
1922 2815  33  37  28
1923 2812  36  37  28
1923 2812  40  38  28
1923 2807  42  38  28
1922 2804  43  38  28
1920 2797  43  38  28
1916 2794  44  38  28
1912 2787  44  38  28
1908 2782  46  38  28
1903 2779  47  38  27
1900 2774  50  39  27
1899 2772  49  40  26
1899 2767  49  40  26
1901 2763  49  40  26
1904 2762  46  39  27
1909 2760  40  39  28
1914 2758  32  38  28
1921 2756  21  38  27
% 
% .PEN_UP
1929 2754   0  38  27
1935 2754   0  38  28
1941 2753   0  38  28
1947 2753   0  38  27
1952 2754   0  38  27
1956 2756   0  38  26
1960 2760   0  38  30
1963 2763   0  38  30
1967 2766   0  38  30
1969 2771   0  38  31
1971 2774   0  38  31
1971 2780   0  38  32
1974 2784   0  40  32
1975 2788   0  40  32
1977 2792   0  40  32
1976 2794   0  40  32
1976 2798   0  40  32
1977 2801   0  40  32
1977 2805   0  40  32
1978 2809   0  40  32
1975 2811   0  40  32
% 
% .PEN_DOWN
1974 2816   9  40  32
1973 2816  14  40  32
1970 2819  19  40  32
1967 2821  24  40  32
1964 2821  29  40  32
1959 2821  34  40  32
1954 2819  36  40  32
1952 2818  38  40  32
1947 2817  38  40  32
1944 2815  41  40  32
1942 2814  42  40  32
1942 2811  43  40  32
1943 2810  43  40  32
1946 2806  44  40  32
1949 2801  44  40  32
1955 2798  44  40  32
1960 2794  44  40  32
1965 2788  44  40  32
1970 2784  44  39  30
1974 2779  44  38  30
1977 2775  44  38  28
1978 2769  44  39  28
1979 2762  44  39  27
1978 2756  44  39  27
1976 2752  44  39  27
1973 2748  44  39  27
1970 2743  44  39  29
1966 2739  44  39  29
1960 2738  41  39  30
1957 2737  38  39  30
1952 2741  33  39  28
1949 2744  29  39  28
1945 2751  21  39  29
1944 2757  15  39  29
1944 2764   7  39  29
% 
% .PEN_UP
1946 2771   0  39  29
1947 2780   0  39  29
1951 2786   0  39  29
1954 2794   0  39  29
1960 2803   0  39  29
1966 2812   0  39  29
1971 2821   0  39  29
1975 2829   0  39  29
1980 2835   0  43  29
1985 2843   0  43  27
1989 2846   0  40  27
1991 2848   0  38  27
1993 2848   0  38  27
% 
% .PEN_DOWN
1994 2847  22  38  27
1995 2845  28  38  27
1996 2844  31  38  27
1998 2840  35  36  27
2000 2836  39  36  27
2001 2832  44  37  27
2001 2826  46  37  27
1999 2820  47  37  27
1998 2811  50  37  27
1997 2803  52  39  27
1995 2795  53  39  27
1995 2788  51  40  27
1994 2781  50  40  28
1994 2776  52  40  28
1996 2770  50  40  29
1997 2766  49  39  29
2000 2763  44  39  29
2003 2759  37  40  28
2008 2760  25  40  28
2015 2761  12  39  28
% 
% .PEN_UP
2019 2767   0  39  28
2023 2767   0  40  28
2025 2772   0  38  29
2026 2776   0  38  29
2030 2780   0  38  29
2029 2785   0  37  29
2029 2788   0  37  29
2027 2793   0  39  29
2025 2797   0  39  29
2019 2802   0  39  29
2015 2807   0  39  29
2009 2811   0  41  29
2004 2811   0  41  29
2000 2814   0  39  29
1996 2813   0  39  29
1991 2813   0  40  29
% 
% .PEN_DOWN
1989 2812  29  40  29
1987 2812  34  38  29
1987 2812  36  38  29
1988 2812  38  37  29
1992 2814  38  37  29
1998 2813  38  39  29
2005 2817  31  39  29
2011 2817  18  39  29
% 
% .PEN_UP
2017 2817   0  39  29
2022 2813   0  39  29
2025 2811   0  39  29
2028 2807   0  38  29
2032 2805   0  38  29
2036 2802   0  38  29
2044 2802   0  38  29
2057 2800   0  39  29
2071 2800   0  39  29
2082 2797   0  39  29
2091 2799   0  39  29
2100 2800   0  39  29
2112 2801   0  39  29
2119 2801   0  39  29
2124 2802   0  39  29
2129 2801   0  43  29
2131 2801   0  43  29
2129 2800   0  43  29
2123 2797   0  43  29
2116 2799   0  43  29
2109 2799   0  43  29
2100 2800   0  43  29
2091 2801   0  43  29
2085 2799   0  41  29
2078 2796   0  41  29
2073 2794   0  39  29
2068 2792   0  39  29
2065 2791   0  39  29
2063 2790   0  39  29
2061 2790   0  40  29
2059 2790   0  40  29
2058 2791   0  39  29
2058 2792   0  39  29
2057 2791   0  40  29
2054 2794   0  40  29
2052 2793   0  40  29
2051 2795   0  40  29
2049 2798   0  40  29
2048 2799   0  40  29
2047 2800   0  40  29
2047 2802   0  40  29
2047 2804   0  40  29
2047 2808   0  40  29
2047 2811   0  40  29
2047 2810   0  40  29
2047 2814   0  40  29
2048 2813   0  38  29
2047 2813   0  38  29
% 
% .PEN_DOWN
2047 2813   8  38  29
2047 2813  11  39  29
2047 2811  13  38  29
2048 2806  16  38  29
2049 2800  17  38  29
2051 2793  21  38  29
2051 2787  22  38  29
2054 2779  26  37  27
2056 2770  27  37  27
2055 2763  31  37  27
2055 2757  32  37  27
2056 2752  33  37  27
2056 2748  33  37  28
2056 2748  34  37  28
2056 2746  34  37  27
2054 2747  34  37  27
2054 2752  34  37  27
2053 2757  34  37  28
2054 2764  34  37  28
2055 2774  34  39  28
2058 2784  34  39  28
2061 2793  34  38  28
2066 2801  34  39  28
2072 2809  34  39  28
2075 2809  34  39  28
2079 2815  34  39  28
2081 2818  34  39  28
2085 2817  34  39  28
2085 2815  36  39  28
2084 2814  38  39  28
2084 2810  38  39  28
2083 2806  41  39  28
2080 2799  42  39  28
2077 2795  43  40  28
2074 2791  43  40  28
2071 2786  44  41  28
2068 2782  44  39  28
2064 2776  44  39  28
2062 2771  46  39  27
2062 2764  47  38  27
2063 2758  48  38  26
2065 2753  48  38  28
2067 2749  46  38  28
2072 2745  42  37  28
2077 2740  33  37  28
2081 2737  24  36  27
2088 2735  14  36  27
% 
% .PEN_UP
2094 2736   0  36  27
2102 2737   0  36  27
2107 2738   0  36  27
2114 2741   0  36  26
2119 2747   0  36  26
2126 2753   0  36  28
2132 2757   0  39  28
2135 2762   0  39  29
2138 2768   0  41  29
2141 2773   0  41  29
2143 2776   0  41  29
2143 2779   0  41  29
2142 2782   0  41  29
% 
% .PEN_DOWN
2142 2787  12  41  29
2142 2791  15  41  29
2141 2799  20  41  29
2141 2804  22  41  29
2140 2811  23  43  29
2137 2816  26  41  29
2135 2819  27  41  29
2132 2822  31  43  29
2127 2826  32  43  29
2123 2823  35  43  29
2120 2820  37  43  29
2115 2813  38  43  29
2111 2802  41  43  29
2108 2789  42  43  29
2105 2776  45  43  27
2105 2763  47  43  27
2104 2749  50  43  27
2107 2740  52  43  27
2111 2735  53  43  27
2114 2733  53  43  27
2118 2735  53  43  27
2124 2740  53  41  27
2130 2747  53  41  27
2135 2759  53  39  27
2140 2770  51  39  28
2144 2782  47  38  28
2147 2790  43  38  28
2147 2796  41  38  28
2146 2797  40  38  28
2145 2796  39  39  28
2144 2794  39  40  28
2145 2786  39  40  28
2144 2777  41  40  27
2143 2766  43  41  27
2144 2757  43  41  29
2145 2748  46  39  30
2148 2741  47  39  30
2152 2736  48  38  30
2155 2735  48  38  30
2158 2740  48  38  30
2164 2747  48  38  30
2169 2756  48  39  30
2173 2768  48  39  29
2177 2780  48  39  29
2181 2791  48  39  29
2184 2803  48  37  29
2186 2812  46  37  29
2187 2821  45  38  29
2187 2827  47  39  29
2187 2832  45  39  29
2187 2834  47  39  29
2185 2835  48  39  29
2182 2834  48  37  29
2181 2829  51  37  29
2179 2823  52  37  29
2177 2816  53  38  29
2176 2806  53  38  29
2175 2796  53  39  27
2176 2784  53  39  27
2176 2773  53  37  27
2178 2762  53  37  29
2179 2754  53  38  29
2183 2747  53  39  28
2188 2742  53  39  28
2193 2739  49  39  29
2198 2740  39  38  29
2203 2743  29  38  30
2206 2748  14  38  30
% 
% .PEN_UP
2210 2755   0  38  30
2211 2761   0  38  30
2212 2767   0  38  29
2211 2773   0  38  29
2210 2779   0  38  29
2206 2783   0  38  29
2200 2787   0  38  29
2194 2790   0  39  29
2190 2791   0  39  29
2183 2792   0  39  29
2179 2792   0  39  29
2174 2792   0  39  29
2168 2789   0  39  29
% 
% .PEN_DOWN
2166 2790  36  39  29
2165 2788  40  39  29
2165 2788  44  38  29
2168 2789  44  37  29
2172 2790  46  39  29
2179 2791  45  39  29
2183 2793  39  37  29
2188 2795  29  37  29
2191 2795  17  37  29
% 
% .PEN_UP
2193 2796   0  37  29
2197 2795   0  37  29
2197 2793   0  37  29
2199 2791   0  35  29
2199 2790   0  35  29
2200 2787   0  36  29
2202 2782   0  36  29
2205 2778   0  37  29
2207 2777   0  37  29
2208 2774   0  37  29
2208 2771   0  37  29
2209 2768   0  38  29
2209 2765   0  38  29
2210 2762   0  36  29
2210 2760   0  36  29
2209 2755   0  36  29
% 
% .PEN_DOWN
2209 2753  13  36  30
2209 2752  18  37  30
2210 2752  21  37  28
2212 2754  23  36  27
2216 2754  23  36  27
2219 2755  24  35  27
2221 2755  26  35  26
2222 2756  28  35  26
2223 2756  31  35  26
2223 2755  35  35  26
2223 2756  37  35  26
2222 2755  38  34  26
2223 2753  38  34  26
2225 2753  38  35  26
2225 2751  39  35  26
2224 2753  41  34  26
2223 2754  42  34  24
2224 2754  43  34  24
2225 2754  46  34  27
2225 2753  47  34  27
2224 2755  48  34  28
2225 2753  48  35  27
2226 2755  48  35  27
2226 2757  48  35  27
2228 2762  48  35  26
2230 2767  48  35  27
2232 2771  48  35  27
2234 2780  48  35  27
2235 2786  48  35  27
2237 2794  48  35  27
2238 2798  49  35  27
2239 2807  49  35  27
2238 2811  49  35  27
2236 2816  46  35  27
2232 2819  47  35  27
2232 2820  48  35  27
2229 2817  48  35  27
2228 2815  48  35  27
2227 2809  48  36  27
2224 2804  48  36  27
2225 2798  51  36  27
2226 2792  52  35  26
2226 2784  53  35  28
2229 2781  53  35  28
2232 2776  53  35  26
2235 2774  53  33  26
2240 2769  53  33  26
2244 2770  53  33  26
2249 2770  51  33  27
2255 2771  50  33  27
2262 2776  44  33  28
2268 2780  39  33  28
2275 2786  34  33  28
2280 2792  29  35  28
2285 2797  27  35  28
2287 2800  23  36  28
2289 2801  23  36  28
2287 2798  26  36  28
2284 2799  30  36  28
2281 2797  34  36  28
2273 2794  39  36  28
2264 2793  44  36  28
2249 2792  49  36  28
2230 2790  49  37  28
2204 2788  51  37  26
2173 2789  52  39  26
2142 2791  50  39  26
2107 2791  52  39  26
2068 2791  53  39  26
2025 2794  53  40  26
1981 2797  53  40  26
1933 2799  53  40  26
1881 2802  53  40  26
1832 2807  53  39  26
1782 2811  53  39  26
1732 2815  53  40  26
1688 2821  53  40  26
1645 2826  53  39  26
1599 2833  54  39  27
1558 2840  54  40  26
1524 2840  54  40  26
1494 2840  54  37  26
1467 2840  54  37  27
1444 2840  54  38  27
1428 2839  54  39  27
1420 2837  54  39  27
1415 2839  54  39  27
1418 2838  54  37  27
1428 2835  51  37  27
1443 2832  52  36  27
1464 2825  53  36  27
1489 2822  51  36  27
1522 2817  52  36  27
1563 2814  53  35  27
1609 2813  51  36  27
1654 2812  50  36  27
1703 2812  52  36  27
1753 2810  53  36  27
1802 2805  51  36  27
1854 2801  52  37  27
1902 2796  53  37  27
1947 2794  53  37  27
1992 2792  53  37  27
2039 2794  53  36  27
2081 2797  53  37  27
2118 2802  53  37  27
2155 2804  53  37  27
2187 2803  53  35  27
2216 2803  53  35  27
2237 2799  53  35  27
2252 2796  54  35  27
2264 2791  54  35  27
2273 2788  54  35  27
2279 2787  54  34  27
2283 2786  54  34  28
2285 2787  54  35  28
2286 2791  41  35  28
2284 2799  20  33  28
% 
