% .SEGMENT LETTER ? ? "0"
% 
% .PEN_DOWN
1699 2946  12  46  40
1698 2952  13  47  41
1699 2962  14  47  41
1700 2973  16  47  41
1703 2985  18  47  41
1706 2999  18  47  41
1710 3009  19  47  41
1713 3017  19  47  41
1715 3024  19  47  41
1715 3027  21  46  41
1715 3028  23  46  41
1716 3029  26  47  41
1715 3027  27  47  41
1714 3025  28  47  41
1714 3019  29  47  41
1714 3011  29  47  41
1715 3002  29  47  41
1717 2993  29  47  41
1722 2985  29  47  41
1726 2978  29  46  41
1733 2975  29  46  43
1743 2973  29  46  43
1751 2977  29  46  40
1759 2984  29  46  40
1768 2994  29  46  40
1775 3004  29  46  40
1781 3015  29  46  40
1785 3027  29  46  41
1786 3034  31  46  41
1786 3038  33  46  41
1785 3040  33  46  41
1784 3037  36  46  41
1782 3030  37  46  41
1776 3016  38  45  41
1770 2998  38  46  41
1761 2970  39  46  41
1755 2935  39  46  39
1745 2892  39  46  39
1733 2849  39  46  38
1721 2808  39  47  38
1710 2772  39  47  38
1702 2744  39  47  38
1699 2727  39  47  36
1696 2724  39  45  36
1695 2727  41  46  37
1694 2739  43  46  37
1692 2753  43  46  37
1691 2773  43  48  37
1690 2792  44  47  37
1687 2806  44  47  37
1682 2821  44  47  37
1680 2835  46  46  37
1678 2842  45  46  37
1675 2845  44  46  37
1675 2846  44  46  37
1676 2847  44  46  37
1675 2844  44  46  37
1678 2840  44  44  37
1683 2833  44  44  37
1691 2826  41  45  37
1702 2822  40  45  37
1718 2821  42  47  37
1733 2824  43  47  37
1752 2832  43  45  37
1771 2851  44  45  36
1790 2878  44  45  36
1806 2908  41  45  36
1820 2937  40  45  36
1831 2962  39  45  38
1839 2982  39  46  38
1842 2995  39  46  38
1843 3003  41  46  38
1842 3006  45  46  38
1838 3007  47  45  38
1832 3005  48  45  38
1825 2994  46  46  38
1816 2976  45  46  38
1807 2953  47  46  38
1799 2921  45  46  38
1790 2883  47  46  38
1781 2846  48  46  38
1773 2811  46  45  38
1766 2778  45  45  38
1763 2751  47  46  36
1763 2729  48  46  36
1766 2719  46  47  36
1772 2718  45  47  36
1779 2726  44  47  37
1785 2742  46  47  37
1789 2762  47  47  37
1793 2784  48  47  37
1795 2800  48  47  37
1794 2818  48  47  37
1792 2832  48  47  37
1789 2840  44  47  39
1786 2845  39  47  38
1783 2846  29  47  38
1783 2845  22  47  38
1785 2837  13  47  39
1787 2829   6  47  39
% 
% .PEN_UP
1792 2819   0  47  39
1802 2810   0  47  39
1813 2802   0  47  39
1825 2803   0  45  39
1838 2801   0  45  39
1854 2804   0  44  39
1871 2806   0  44  39
1890 2814   0  44  39
1906 2823   0  44  39
1916 2830   0  43  39
1919 2836   0  43  39
% 
% .PEN_DOWN
1921 2842  18  42  39
1920 2848  26  42  40
1920 2853  32  42  40
1919 2853  38  41  39
1917 2853  41  41  39
1915 2850  45  41  38
1910 2842  47  41  38
1906 2829  45  41  40
1899 2812  44  41  40
1894 2794  44  41  40
1887 2776  46  42  40
1880 2755  47  42  38
1874 2737  46  44  38
1870 2727  45  44  36
1870 2726  47  44  36
1869 2729  50  44  37
1868 2742  52  45  37
1867 2762  53  45  35
1867 2787  51  45  35
1867 2813  50  45  35
1862 2842  52  45  38
1857 2871  53  45  38
1852 2898  53  44  38
1848 2918  51  44  38
1847 2930  50  44  40
1846 2936  49  44  38
1846 2940  49  44  38
1850 2943  49  44  40
1860 2945  49  44  40
1874 2946  49  45  40
1888 2946  49  45  40
1903 2944  49  45  41
1918 2941  49  43  42
1931 2939  44  43  43
1942 2935  36  43  43
1952 2931  28  43  42
1960 2927  18  43  42
1964 2919   9  43  40
% 
% .PEN_UP
1965 2912   0  43  40
1966 2904   0  43  42
1963 2893   0  43  42
1955 2881   0  43  43
1948 2871   0  43  40
1937 2857   0  43  40
1925 2840   0  41  40
1915 2825   0  41  40
1907 2806   0  41  40
1898 2789   0  41  40
1892 2770   0  43  40
1890 2754   0  43  39
1889 2740   0  44  39
1889 2732   0  44  39
% 
% .PEN_DOWN
1892 2726  12  43  38
1897 2724  15  43  38
1903 2723  17  42  38
1910 2724  21  42  38
1919 2730  25  42  38
1926 2738  29  42  38
1934 2751  32  42  38
1942 2767  33  42  37
1948 2783  36  42  37
1951 2795  37  42  37
1954 2807  40  42  37
1955 2815  42  42  37
1953 2823  43  42  37
1951 2825  46  42  36
1947 2827  45  42  36
1945 2827  44  42  35
1941 2822  44  42  35
1935 2816  44  42  35
1929 2808  44  40  35
1923 2797  44  40  35
1919 2785  44  43  35
1916 2770  44  44  35
1915 2756  44  44  35
1916 2745  44  44  38
1919 2737  44  44  38
1927 2730  41  44  38
1935 2730  40  44  38
1944 2737  39  44  38
1954 2748  42  44  38
1964 2762  40  44  37
1973 2776  42  42  37
1980 2788  43  42  37
1983 2794  43  42  37
1985 2795  46  42  37
1987 2797  47  43  37
1987 2797  48  43  37
1987 2792  48  41  37
1987 2785  48  41  37
1986 2775  48  43  37
1982 2761  51  41  37
1980 2748  52  41  37
1977 2734  53  41  37
1976 2725  53  40  35
1976 2722  53  40  36
1976 2719  53  42  36
1979 2721  53  42  35
1985 2729  53  41  35
1993 2744  53  40  36
2001 2758  53  40  36
2009 2767  53  40  36
2013 2772  53  39  36
2015 2774  54  39  36
2016 2776  54  40  36
2017 2775  54  40  36
2018 2772  54  41  36
2017 2765  54  41  38
2017 2758  54  41  36
2016 2751  54  41  36
2016 2748  49  42  36
2017 2743  41  42  36
2017 2743  30  42  36
2020 2740  22  42  39
2026 2744  13  40  38
% 
% .PEN_UP
2034 2750   0  40  38
2045 2761   0  40  38
2059 2775   0  40  38
2073 2790   0  41  38
2086 2804   0  41  38
2102 2825   0  41  38
2118 2843   0  41  38
2135 2868   0  42  40
2154 2890   0  42  40
2171 2908   0  43  40
2188 2920   0  43  38
2203 2930   0  41  39
2213 2934   0  41  39
2216 2931   0  40  39
2217 2924   0  40  37
2214 2916   0  41  39
2205 2905   0  41  39
2199 2895   0  42  39
2191 2888   0  42  38
2181 2877   0  41  36
2169 2863   0  41  36
2158 2853   0  42  36
2148 2843   0  42  37
2140 2835   0  44  37
2134 2828   0  44  38
2127 2824   0  45  38
2122 2818   0  45  38
2120 2813   0  45  38
2117 2809   0  45  38
2116 2804   0  45  38
2114 2800   0  45  38
2112 2795   0  45  38
2110 2792   0  45  38
2106 2785   0  45  38
2105 2779   0  45  38
2103 2770   0  45  38
2099 2761   0  45  36
2094 2751   0  45  36
2089 2742   0  45  33
2086 2730   0  45  33
2081 2713   0  45  36
2078 2700   0  45  36
2073 2688   0  43  38
% 
% .PEN_DOWN
2070 2683   9  43  38
2069 2682  12  43  39
2070 2685  15  42  39
2074 2701  17  42  39
2082 2726  18  42  39
2094 2756  21  42  38
2111 2794  25  42  38
2129 2835  29  42  38
2146 2879  32  43  40
2165 2919  35  43  40
2177 2945  39  42  40
2186 2963  42  42  40
2191 2975  45  42  40
2193 2981  47  42  40
2195 2983  48  42  40
2195 2984  51  43  40
2195 2985  52  43  40
2194 2984  53  43  40
2191 2981  53  43  40
2189 2977  53  43  40
2186 2970  53  42  40
2182 2961  53  42  40
2180 2955  53  42  40
2182 2947  53  42  39
2184 2937  53  44  39
2188 2933  53  43  40
2191 2930  53  43  40
2196 2930  54  43  39
2203 2939  54  43  39
2208 2952  54  44  38
2213 2968  54  44  38
2216 2983  54  44  38
2215 2998  54  42  38
2210 3006  54  42  38
2201 3013  54  43  38
2189 3022  51  43  38
2175 3026  52  42  40
2159 3029  53  42  40
2144 3027  51  43  40
2132 3021  50  43  40
2122 3013  52  43  40
2114 3003  50  43  40
2108 2993  49  43  40
2106 2978  49  43  40
2105 2960  49  43  40
2107 2943  49  43  39
2111 2920  49  43  39
2116 2904  49  43  39
2123 2893  49  43  39
2130 2887  49  43  39
2135 2886  49  45  39
2138 2885  49  45  39
2139 2886  49  46  39
2135 2888  51  46  39
2131 2892  52  44  39
2125 2895  53  44  41
2116 2894  53  44  41
2104 2886  53  44  38
2093 2875  53  44  38
2083 2861  53  44  39
2075 2845  53  46  39
2068 2827  53  46  40
2065 2811  53  45  40
2062 2794  53  45  40
2063 2777  53  44  40
2064 2759  54  44  38
2068 2743  54  42  38
2076 2729  51  42  36
2085 2718  47  42  36
2093 2713  38  42  36
2103 2715  26  42  36
2114 2726  13  42  35
% 
% .PEN_UP
2126 2744   0  43  36
2138 2765   0  43  36
2150 2785   0  46  36
2161 2799   0  46  36
2172 2810   0  46  36
2180 2813   0  46  36
2184 2811   0  45  36
2184 2811   0  45  36
% 
% .PEN_DOWN
2182 2805  25  44  36
2177 2803  29  44  36
2176 2797  37  45  36
2173 2791  40  42  36
2169 2785  44  43  36
2165 2776  46  43  36
2160 2763  47  42  36
2156 2751  48  42  36
2152 2739  48  43  39
2150 2728  48  43  39
2148 2722  44  44  39
2148 2716  36  44  39
2148 2714  23  44  39
2152 2719  11  46  39
% 
% .PEN_UP
2157 2734   0  46  39
2165 2755   0  46  38
2170 2777   0  44  38
2177 2803   0  44  38
2181 2823   0  44  38
2189 2850   0  44  38
2193 2867   0  43  38
2197 2877   0  43  35
2202 2880   0  42  36
2204 2881   0  42  36
2202 2880   0  42  36
% 
% .PEN_DOWN
2199 2878  20  42  38
2195 2873  25  42  38
2194 2869  24  42  37
2194 2864  27  43  37
2193 2858  28  43  37
2194 2849  23  41  37
2195 2844  16  41  38
2201 2841   8  41  38
% 
% .PEN_UP
2209 2843   0  41  38
2218 2849   0  39  38
2225 2860   0  39  38
2231 2869   0  39  38
2241 2875   0  39  38
2250 2880   0  39  38
2258 2889   0  39  35
2265 2891   0  39  35
2266 2891   0  39  36
2265 2880   0  39  35
2262 2869   0  39  35
2257 2855   0  39  35
2252 2838   0  39  35
2245 2819   0  39  35
2238 2800   0  39  35
2227 2784   0  39  35
2216 2764   0  39  36
2204 2745   0  43  36
2197 2733   0  43  40
2194 2722   0  44  38
2194 2721   0  44  38
2194 2726   0  44  38
2196 2737   0  44  38
% 
% .PEN_DOWN
2200 2754   9  43  38
2209 2780   9  43  37
2220 2807  12  44  40
2235 2844  15  44  40
2248 2885  17  44  40
2260 2918  21  44  41
2271 2945  25  44  41
2278 2965  27  44  41
2282 2976  30  43  41
2285 2980  32  43  41
2286 2982  33  43  41
2287 2983  36  43  41
2285 2979  37  43  41
2283 2971  38  43  40
2281 2955  38  41  40
2277 2932  41  41  39
2272 2901  42  41  39
2266 2867  43  41  40
2257 2827  43  41  39
2249 2794  44  41  40
2242 2763  44  41  40
2236 2733  44  41  39
2234 2720  44  43  39
2232 2708  44  43  37
2234 2706  44  43  37
2237 2707  46  43  36
2240 2719  47  43  36
2247 2739  48  43  37
2253 2759  46  43  37
2259 2780  47  43  37
2265 2796  45  43  37
2268 2808  45  43  37
2270 2815  44  43  37
2271 2819  44  43  37
2271 2820  44  43  37
2270 2820  41  43  37
2270 2820  40  43  37
2271 2816  39  43  37
2272 2812  39  43  37
2271 2803  39  43  37
2272 2799  39  43  37
2272 2793  39  43  37
2271 2786  39  43  37
2271 2781  39  43  37
2271 2780  41  43  37
2271 2779  40  43  37
2271 2779  42  43  37
2271 2775  43  43  37
2268 2773  43  43  37
2266 2772  44  43  39
2264 2766  41  43  39
2264 2764  40  43  38
2263 2759  39  43  38
2263 2753  37  43  37
2263 2748  35  43  37
2266 2744  34  43  38
2268 2741  32  43  37
2271 2739  33  43  37
2271 2738  33  43  37
2274 2736  33  43  37
2275 2737  34  41  37
2277 2740  36  40  38
2278 2746  37  40  38
2280 2751  38  40  37
2283 2760  38  40  37
2285 2769  39  40  37
2289 2777  39  42  37
2295 2784  36  42  37
2303 2793  33  41  37
2310 2797  26  41  37
2320 2803  20  41  37
2331 2806  15  41  37
2341 2806   9  40  37
2351 2806   4  40  37
2359 2806   2  40  37
2363 2803   1  41  37
% 
% .PEN_UP
2363 2800   0  41  37
% 
% .PEN_DOWN
2357 2794   2  41  37
2349 2783   3  40  37
2335 2771   4  40  36
2316 2753   4  41  36
2294 2731   4  41  37
2269 2706   4  41  37
2237 2684   7  43  37
2199 2663   8  43  37
2158 2645   9  43  37
2117 2633   9  43  38
2074 2624   9  43  38
2027 2615   9  45  38
1984 2606   9  45  38
1949 2603  14  45  38
1925 2602  19  44  38
1911 2601  24  44  38
1909 2600  27  44  38
1920 2602  28  43  38
1944 2609  28  43  38
1984 2615  29  43  36
2038 2621  29  43  36
2099 2630  29  43  36
2171 2639  29  43  37
2242 2648  29  43  37
2312 2650  29  39  37
2371 2650  26  39  37
2425 2647  18  39  35
% 
