% .SEGMENT LETTER ? ? "0"
% 
% .PEN_DOWN
1549 2884   3  47  37
1546 2881   6  47  37
1543 2879   8  47  37
1540 2878  11  47  37
1538 2880  13  47  38
1538 2885  13  47  38
1538 2895  16  47  38
1540 2908  15  47  39
1543 2925  17  49  38
1547 2942  16  49  38
1552 2957  17  50  38
1556 2971  18  49  40
1561 2981  19  50  40
1564 2987  19  50  40
1567 2990  17  49  40
1569 2992  15  47  40
1569 2993  17  49  40
1568 2993  18  49  40
1568 2989  19  47  40
1568 2984  19  47  40
1567 2974  19  47  39
1567 2962  19  47  39
1568 2949  21  46  39
1571 2936  23  46  39
1576 2924  23  46  39
1582 2916  24  46  39
1590 2912  24  46  39
1600 2914  26  46  39
1609 2923  25  45  38
1618 2938  27  45  38
1626 2954  28  45  38
1632 2969  29  45  38
1636 2982  29  45  38
1637 2991  29  45  38
1637 2995  29  45  38
1637 2996  31  45  38
1636 2994  33  45  38
1632 2987  33  45  37
1627 2973  33  45  37
1620 2953  34  45  38
1612 2928  34  46  38
1604 2901  34  46  37
1597 2869  34  48  37
1588 2840  31  48  37
1578 2811  30  48  37
1572 2788  32  48  37
1567 2768  30  48  40
1562 2754  30  48  39
1560 2750  29  48  39
1558 2752  32  48  40
1557 2760  30  48  40
1555 2771  30  49  39
1553 2782  29  49  39
1551 2795  29  49  39
1549 2806  31  50  39
1546 2815  33  50  39
1543 2819  33  48  39
1540 2823  31  48  39
1539 2824  32  49  39
1538 2822  33  48  39
1538 2821  33  48  39
1538 2818  34  48  39
1540 2813  34  49  39
1543 2809  34  49  39
1548 2803  34  48  39
1557 2801  34  48  39
1568 2800  34  45  39
1583 2801  34  45  39
1599 2808  34  45  39
1617 2820  34  45  39
1636 2844  34  45  39
1653 2876  34  44  39
1668 2910  31  45  39
1680 2942  30  45  38
1688 2968  30  44  38
1692 2984  29  44  38
1690 2992  32  43  38
1686 2996  33  43  38
1680 2992  36  44  38
1674 2984  37  44  35
1663 2969  38  44  39
1653 2945  38  44  39
1643 2918  39  44  39
1634 2887  39  46  38
1626 2859  39  44  38
1620 2829  39  44  38
1615 2806  39  46  38
1616 2787  39  47  38
1618 2772  39  47  38
1623 2762  39  47  40
1631 2760  36  47  40
1640 2765  35  47  38
1650 2773  34  47  38
1657 2786  34  47  38
1662 2802  32  47  38
1665 2817  30  47  38
1665 2829  30  47  38
1662 2839  29  47  40
1658 2846  29  47  40
1651 2848  27  47  40
1647 2849  23  47  39
1642 2845  19  47  39
1638 2838  11  47  39
% 
% .PEN_UP
1640 2830   0  47  39
1642 2823   0  47  39
1646 2819   0  47  39
1655 2820   0  47  39
1663 2821   0  47  39
1675 2828   0  47  39
1687 2837   0  47  36
1702 2845   0  48  36
1720 2852   0  47  38
1741 2857   0  47  38
1761 2864   0  47  36
1776 2867   0  47  36
1788 2866   0  47  35
1799 2864   0  47  35
1806 2857   0  47  34
1811 2842   0  47  34
1812 2830   0  47  34
1813 2819   0  47  34
1814 2815   0  47  34
1816 2814   0  47  34
1817 2816   0  47  34
1817 2817   0  47  34
1814 2817   0  47  34
1811 2816   0  47  34
1808 2815   0  47  34
1807 2814   0  47  34
1804 2814   0  47  34
1802 2816   0  47  34
1803 2821   0  47  34
1805 2826   0  47  34
1807 2831   0  47  34
1811 2839   0  47  38
1814 2847   0  47  38
1816 2856   0  47  38
% 
% .PEN_DOWN
1817 2864   3  47  37
1817 2869   6  47  37
1819 2872   8  47  38
1819 2872  11  47  38
1818 2869  13  47  38
1818 2863  16  47  38
1817 2853  20  47  39
1814 2840  22  47  39
1810 2825  25  47  39
1805 2808  27  47  39
1799 2790  28  47  40
1794 2769  29  47  40
1790 2753  31  47  39
1787 2742  35  47  39
1785 2737  37  47  39
1783 2742  35  46  39
1783 2755  37  46  38
1783 2774  38  45  38
1783 2798  38  45  38
1783 2820  36  47  38
1782 2846  35  47  39
1780 2872  37  47  42
1776 2892  35  47  42
1774 2907  35  49  42
1771 2915  37  49  42
1770 2920  38  49  42
1771 2923  38  49  42
1774 2925  38  48  42
1780 2925  39  48  42
1787 2925  39  48  42
1797 2926  39  48  42
1809 2925  39  48  42
1821 2923  39  47  42
1832 2919  39  47  42
1842 2916  36  47  42
1852 2915  30  45  42
1859 2912  25  45  42
1865 2912  14  45  41
% 
% .PEN_UP
1869 2910   0  45  41
1871 2909   0  45  41
1867 2908   0  45  42
1859 2902   0  45  39
1851 2892   0  45  39
1841 2880   0  45  39
1832 2865   0  45  37
1825 2845   0  45  37
1817 2825   0  45  37
1810 2806   0  45  37
1804 2790   0  45  37
1798 2778   0  45  37
% 
% .PEN_DOWN
1793 2767  12  45  39
1792 2761  13  45  39
1793 2758  14  45  40
1798 2760  14  45  40
1806 2765  19  45  38
1816 2772  21  45  38
1825 2781  25  45  38
1836 2790  27  46  38
1845 2800  28  47  38
1852 2808  31  47  38
1856 2815  32  47  38
1859 2822  31  47  38
1860 2827  32  47  38
1859 2833  33  47  38
1856 2836  33  47  38
1852 2838  34  47  38
1848 2836  34  47  38
1842 2833  34  47  38
1836 2826  34  47  38
1830 2819  34  46  39
1826 2809  34  46  38
1822 2796  34  46  38
1820 2785  34  46  39
1820 2774  36  46  39
1822 2764  35  46  40
1825 2757  37  46  40
1831 2753  35  46  41
1839 2755  37  46  41
1850 2762  38  45  41
1865 2773  36  45  41
1878 2784  37  45  41
1889 2795  36  46  41
1897 2802  37  46  41
1902 2806  35  46  41
1905 2807  37  46  41
1907 2805  38  45  41
1908 2802  41  45  41
1907 2795  42  45  41
1905 2785  45  45  39
1901 2773  47  46  39
1897 2761  48  46  38
1892 2748  48  44  38
1889 2740  48  44  38
1889 2737  48  45  38
1890 2735  51  45  38
1892 2737  50  44  38
1898 2747  49  42  38
1905 2758  49  42  38
1911 2773  49  42  38
1917 2781  49  42  38
1922 2786  49  42  38
1923 2789  49  42  38
1925 2789  49  42  38
1926 2786  46  42  38
1928 2782  45  42  37
1928 2774  42  43  39
1928 2768  38  43  39
1929 2761  31  43  39
1931 2757  20  43  40
1937 2756  10  43  40
% 
% .PEN_UP
1943 2762   0  43  41
1950 2774   0  43  41
1957 2789   0  43  41
1963 2807   0  43  41
1969 2820   0  43  41
1981 2834   0  43  41
1996 2853   0  45  39
2015 2871   0  45  39
2033 2889   0  45  41
2052 2899   0  42  41
2070 2906   0  42  41
2084 2907   0  42  41
2092 2903   0  42  41
2097 2893   0  42  41
2097 2885   0  42  40
2097 2875   0  42  39
2096 2868   0  42  39
2091 2863   0  42  39
2086 2857   0  42  39
2082 2851   0  41  39
2076 2848   0  41  37
2069 2844   0  41  36
2062 2841   0  41  36
2057 2836   0  41  36
2052 2834   0  41  36
2046 2831   0  42  36
2041 2830   0  42  36
2037 2830   0  42  36
2035 2829   0  42  36
2031 2827   0  42  36
2028 2824   0  42  36
2026 2820   0  42  36
2024 2819   0  42  36
2021 2816   0  44  36
2019 2815   0  44  36
2018 2814   0  47  36
2020 2814   0  47  36
2019 2813   0  48  36
2018 2811   0  48  36
2016 2810   0  46  36
2015 2809   0  46  36
2013 2806   0  48  36
2011 2802   0  46  36
2009 2799   0  46  36
2006 2795   0  46  36
2003 2793   0  45  36
2001 2787   0  45  37
1999 2781   0  45  37
1996 2775   0  45  37
1994 2766   0  46  37
1992 2756   0  46  38
1990 2747   0  46  38
1986 2740   0  46  38
% 
% .PEN_DOWN
1983 2730   6  44  38
1980 2726   7  44  38
1979 2724  11  43  38
1981 2726  15  43  38
1984 2733  17  43  39
1989 2749  20  43  39
2000 2770  22  43  39
2014 2798  23  43  39
2031 2826  24  44  39
2048 2855  26  43  41
2062 2882  28  43  41
2070 2898  31  43  44
2075 2905  32  42  44
2076 2910  33  42  43
2078 2910  36  43  41
2078 2910  37  43  41
2077 2911  38  42  41
2076 2908  41  42  42
2073 2903  42  43  42
2069 2898  45  44  42
2067 2894  45  44  42
2064 2888  44  44  43
2062 2883  44  45  43
2061 2876  44  44  43
2060 2871  44  44  43
2060 2865  46  44  42
2062 2860  47  44  42
2065 2855  48  44  42
2066 2853  48  44  42
2069 2851  48  44  41
2073 2851  48  42  41
2078 2852  48  42  41
2085 2860  48  42  41
2090 2874  48  42  41
2094 2892  48  42  41
2097 2908  48  42  41
2099 2926  48  42  41
2099 2941  49  42  41
2096 2954  49  42  41
2091 2963  49  42  41
2084 2968  49  43  41
2074 2972  49  43  40
2064 2973  49  43  42
2056 2971  49  43  42
2048 2964  49  44  42
2039 2957  49  44  42
2031 2946  46  46  40
2027 2930  45  46  40
2023 2914  44  45  40
2022 2901  44  46  42
2024 2888  44  44  42
2027 2880  44  44  41
2032 2872  44  46  41
2039 2867  44  46  41
2048 2865  44  46  41
2053 2864  44  46  40
2056 2865  44  46  40
2057 2866  44  46  40
2053 2866  44  44  40
2050 2866  44  44  39
2041 2863  44  44  39
2032 2859  46  45  40
2021 2850  47  45  40
2010 2840  48  45  40
2001 2828  48  45  40
1993 2815  48  45  40
1989 2805  48  45  40
1987 2796  48  45  40
1986 2787  48  45  40
1988 2777  48  45  38
1991 2768  48  44  38
1995 2762  51  44  38
2002 2755  50  43  38
2008 2750  49  43  38
2015 2749  46  44  38
2024 2750  40  44  38
2032 2752  35  44  38
2039 2757  24  44  37
2045 2765  14  44  37
% 
% .PEN_UP
2053 2773   0  44  39
2062 2782   0  44  39
2068 2792   0  44  39
2074 2797   0  44  39
2080 2802   0  44  39
2086 2805   0  44  39
2092 2809   0  44  39
2096 2810   0  44  39
2096 2808   0  44  39
2096 2806   0  44  39
% 
% .PEN_DOWN
2095 2803  11  44  39
2093 2802  15  44  39
2091 2797  19  44  39
2087 2790  22  45  39
2083 2782  25  45  40
2080 2771  27  44  39
2078 2761  30  44  39
2076 2749  30  44  39
2075 2742  29  44  38
2076 2738  24  43  38
2078 2739  14  43  40
% 
% .PEN_UP
2084 2748   0  43  38
2090 2764   0  43  38
2096 2784   0  43  38
2099 2803   0  43  38
2102 2821   0  43  38
2105 2840   0  43  38
2110 2857   0  43  38
2113 2869   0  43  38
2115 2875   0  43  38
2116 2877   0  43  39
2116 2877   0  43  39
2112 2877   0  43  40
% 
% .PEN_DOWN
2108 2873   9  43  40
2105 2870  12  43  39
2103 2866  11  43  39
2104 2864   5  43  40
% 
% .PEN_UP
2105 2861   0  43  40
2107 2862   0  43  39
2112 2866   0  43  39
2115 2871   0  43  38
2120 2878   0  43  38
2123 2886   0  43  41
2126 2891   0  43  41
2130 2894   0  43  40
2137 2896   0  49  40
2150 2901   0  49  39
2164 2905   0  49  39
2176 2910   0  49  41
2184 2909   0  49  41
2188 2904   0  49  40
2191 2894   0  48  40
2191 2884   0  45  39
2191 2873   0  45  39
2190 2862   0  45  39
2190 2854   0  45  39
2188 2845   0  45  39
2184 2837   0  45  39
2180 2832   0  45  39
2174 2829   0  45  39
2168 2824   0  45  39
2163 2823   0  45  39
2158 2819   0  45  39
2156 2817   0  47  39
2154 2813   0  45  39
2152 2813   0  45  39
2151 2813   0  45  39
2150 2808   0  43  39
2148 2805   0  43  39
2147 2798   0  44  39
2144 2795   0  45  39
2143 2790   0  45  39
2141 2784   0  45  40
2139 2777   0  46  40
2137 2770   0  46  41
2135 2763   0  47  41
2134 2760   0  47  41
2132 2758   0  47  41
2133 2760   0  47  41
2134 2764   0  47  41
2138 2774   0  45  41
2144 2787   0  45  41
2152 2805   0  45  41
% 
% .PEN_DOWN
2163 2826   2  45  41
2176 2851   6  45  41
2188 2880  10  45  41
2199 2907  12  45  41
2207 2929  13  44  41
2213 2944  16  44  41
2215 2954  20  44  41
2216 2958  25  44  41
2217 2959  29  44  41
2216 2959  31  44  41
2214 2956  33  45  41
2210 2946  33  43  40
2206 2933  33  44  40
2203 2916  34  44  39
2198 2892  34  43  39
2193 2867  34  43  39
2187 2840  36  42  39
2179 2813  35  42  39
2171 2789  37  41  39
2163 2766  38  41  38
2159 2748  38  44  38
2156 2736  39  44  38
2156 2730  39  46  38
2156 2731  39  45  38
2159 2736  39  45  38
2164 2751  39  45  40
2171 2769  39  45  40
2179 2785  39  45  40
2187 2804  39  43  40
2195 2815  36  43  40
2202 2825  35  45  40
2207 2829  32  45  40
2211 2833  31  44  40
2212 2834  30  44  40
2213 2834  29  44  40
2214 2832  29  44  40
2215 2828  31  44  40
2215 2826  30  44  40
2215 2820  32  44  40
2215 2818  33  44  40
2213 2816  36  44  40
2213 2814  37  44  40
2211 2812  38  42  40
2210 2810  38  42  40
2210 2810  39  43  40
2206 2806  41  43  40
2204 2802  40  44  40
2202 2796  42  43  40
2200 2786  40  43  40
2197 2776  40  43  38
2196 2769  39  44  38
2195 2762  39  44  40
2197 2758  39  44  39
2199 2757  39  44  39
2204 2758  39  44  39
2208 2761  39  44  40
2211 2765  39  44  40
2216 2772  36  44  38
2219 2779  38  44  38
2221 2786  36  44  38
2223 2792  35  44  38
2224 2796  34  44  38
2225 2798  34  44  38
2225 2798  34  44  38
2224 2799  34  44  38
2223 2797  34  44  38
2223 2793  34  44  39
2225 2787  34  44  39
2226 2781  34  43  39
2229 2775  34  43  40
2233 2767  31  44  40
2239 2761  28  44  41
2246 2759  23  44  39
2255 2762  19  44  39
2266 2770  14  44  39
2277 2781  12  44  39
2289 2795   8  44  39
2299 2808   6  42  39
2305 2815   5  42  39
2309 2818   5  42  39
2310 2816   7  43  39
2309 2810  11  43  39
2305 2800  15  43  38
2297 2784  17  43  38
2286 2761  20  43  38
2273 2732  22  43  37
2259 2701  23  43  37
2239 2670  24  45  35
2216 2642  24  45  35
2190 2619  24  45  35
2163 2604  24  46  35
2139 2597  24  46  35
2117 2596  24  46  35
2096 2602  24  46  35
2075 2609  24  46  35
2054 2618  24  46  35
2039 2627  24  46  35
2030 2633  24  46  37
2026 2638  24  45  35
2026 2639  22  45  35
2032 2638  20  44  35
2044 2637  17  44  35
2061 2640  18  43  36
2085 2650  16  43  36
2114 2663  15  43  36
2150 2684  17  43  36
2193 2708  18  41  36
2233 2734  19  42  36
2268 2751  19  42  36
2299 2759  19  42  37
2322 2762  19  41  37
2339 2761  19  41  37
2351 2759  14  39  37
% 
