% .SEGMENT LETTER ? ? "0"
% 
% .PEN_DOWN
1708 2918  14  47  39
1705 2915  19  47  41
1703 2915  26  47  40
1702 2919  33  47  40
1702 2925  36  47  40
1702 2935  37  47  41
1705 2948  38  46  41
1710 2962  38  45  41
1714 2977  39  45  41
1719 2991  39  45  41
1725 3001  39  45  41
1728 3006  36  45  41
1729 3009  37  45  41
1730 3011  38  45  41
1731 3011  38  46  41
1730 3009  39  46  41
1730 3005  41  46  41
1731 2999  42  47  41
1731 2990  41  47  41
1732 2984  42  47  41
1733 2972  40  47  41
1737 2965  40  47  39
1742 2959  39  47  39
1747 2955  39  47  41
1756 2956  41  45  39
1765 2962  43  45  39
1775 2974  43  45  39
1786 2989  43  45  39
1795 3007  44  45  39
1801 3021  44  45  38
1805 3034  44  45  38
1807 3042  46  45  38
1809 3047  47  45  38
1808 3049  50  45  39
1806 3048  52  45  39
1803 3042  53  45  40
1798 3029  53  45  40
1792 3010  53  45  40
1786 2987  53  45  39
1778 2956  53  45  39
1767 2918  53  46  39
1754 2876  53  46  39
1741 2835  53  46  38
1730 2799  53  46  38
1719 2769  53  47  38
1710 2746  54  47  36
1706 2732  54  47  36
1703 2726  54  47  37
1701 2728  56  47  37
1698 2734  57  47  38
1695 2745  55  47  38
1692 2760  57  47  38
1690 2778  58  47  38
1686 2795  58  47  38
1683 2810  58  48  38
1681 2826  58  48  36
1679 2837  58  45  36
1678 2842  58  45  36
1678 2846  58  44  36
1677 2847  56  44  37
1678 2847  55  45  37
1682 2844  54  44  39
1687 2838  54  44  39
1695 2833  54  44  37
1706 2828  54  45  37
1722 2824  54  45  37
1741 2828  54  45  37
1760 2835  54  45  37
1780 2856  51  45  37
1799 2877  50  45  38
1818 2905  49  46  38
1836 2932  49  45  40
1850 2958  49  45  40
1861 2978  49  45  40
1868 2993  49  45  40
1871 3002  49  45  40
1871 3008  51  45  40
1869 3011  55  45  40
1863 3011  57  45  40
1855 3012  58  45  40
1845 3005  56  46  40
1835 2993  57  46  40
1824 2972  58  46  40
1814 2944  58  46  39
1802 2905  58  46  40
1792 2867  58  46  38
1785 2829  58  46  38
1779 2794  58  46  40
1777 2763  58  46  40
1777 2740  58  46  37
1780 2724  58  46  37
1786 2720  58  46  38
1794 2729  59  46  38
1803 2745  59  46  37
1810 2769  59  46  37
1815 2793  59  46  37
1819 2812  59  46  36
1819 2828  59  46  36
1819 2839  59  44  36
1816 2847  59  44  36
1811 2851  56  44  37
1808 2851  52  44  37
1807 2848  48  44  37
1804 2840  43  44  37
1805 2826  36  44  37
1806 2813  28  44  37
1810 2801  18  44  37
% 
% .PEN_UP
1818 2794   0  44  37
1828 2791   0  43  37
1842 2798   0  43  37
1855 2804   0  44  37
1870 2811   0  44  37
1886 2817   0  41  36
1900 2822   0  41  36
1914 2827   0  41  36
1924 2835   0  41  35
1933 2839   0  41  35
1939 2838   0  41  35
1944 2839   0  41  35
1947 2842   0  41  36
1948 2845   0  41  36
1946 2850   0  41  39
% 
% .PEN_DOWN
1946 2855  27  41  39
1944 2858  33  41  38
1941 2862  38  41  38
1940 2864  43  41  38
1938 2863  48  41  38
1936 2861  51  41  37
1933 2853  52  41  40
1929 2841  53  41  40
1923 2824  53  41  40
1918 2805  53  41  40
1911 2785  53  43  40
1905 2761  53  43  39
1900 2739  53  43  39
1895 2722  53  43  39
1892 2714  56  43  39
1891 2710  57  43  37
1891 2718  60  43  37
1893 2737  62  43  35
1896 2760  63  44  35
1898 2785  61  44  35
1898 2811  62  44  35
1895 2839  63  44  38
1891 2867  63  45  38
1886 2889  63  45  38
1882 2907  63  45  38
1881 2918  63  45  38
1880 2922  63  45  38
1880 2927  63  45  38
1883 2930  63  45  38
1892 2933  63  45  38
1904 2935  63  43  38
1919 2938  63  43  37
1935 2937  63  43  37
1949 2937  63  43  37
1961 2933  59  43  37
1972 2927  51  43  38
1980 2924  42  43  40
1987 2918  33  43  40
1991 2910  21  44  40
1993 2901  13  44  40
% 
% .PEN_UP
1992 2895   0  44  40
1986 2886   0  44  38
1978 2875   0  44  38
1968 2860   0  44  36
1955 2840   0  44  36
1942 2825   0  44  36
1930 2806   0  43  36
1919 2789   0  43  36
1911 2770   0  45  37
1909 2752   0  45  37
1906 2743   0  44  37
1905 2733   0  44  38
% 
% .PEN_DOWN
1907 2728  25  44  38
1914 2726  27  44  38
1921 2726  30  43  38
1931 2730  35  43  38
1941 2738  39  43  38
1952 2747  41  43  37
1960 2758  45  43  37
1967 2772  47  43  37
1972 2784  48  43  37
1977 2791  51  43  37
1978 2799  55  43  37
1978 2803  57  43  37
1978 2805  58  43  37
1975 2808  58  43  37
1971 2810  58  43  37
1966 2811  58  43  37
1962 2809  56  43  37
1957 2805  55  43  37
1953 2797  54  43  37
1948 2790  54  43  37
1946 2779  54  43  37
1946 2766  54  43  37
1944 2755  54  43  37
1947 2746  54  43  37
1951 2738  54  43  37
1957 2735  54  43  37
1961 2735  51  43  37
1968 2739  52  43  37
1977 2749  53  43  37
1985 2760  53  43  37
1990 2773  53  43  37
1993 2780  53  43  37
1997 2783  53  44  37
1998 2785  53  44  37
1999 2783  53  44  37
2001 2780  53  44  37
2002 2774  53  44  37
2001 2766  53  44  37
2000 2756  56  44  37
1998 2745  57  44  39
1997 2735  58  44  39
1996 2725  58  44  39
1995 2716  58  44  39
1995 2711  58  44  39
1996 2709  58  44  39
1998 2712  58  44  37
2000 2719  58  44  37
2005 2730  58  44  37
2013 2740  58  43  37
2018 2747  58  43  37
2022 2752  59  42  37
2025 2754  59  42  39
2027 2754  56  42  39
2028 2752  55  42  40
2030 2748  54  42  40
2031 2743  54  42  39
2032 2739  51  43  38
2032 2733  47  43  38
2032 2728  43  43  38
2034 2726  34  43  36
2038 2725  24  41  39
2044 2727  17  41  39
2052 2733   8  41  39
% 
% .PEN_UP
2060 2743   0  41  38
2068 2756   0  42  38
2079 2769   0  42  38
2089 2784   0  42  38
2102 2799   0  42  38
2113 2813   0  44  38
2128 2825   0  44  36
2141 2834   0  44  36
2155 2843   0  44  37
2165 2846   0  42  37
2174 2847   0  39  36
2177 2846   0  39  36
2176 2842   0  39  33
2175 2836   0  42  33
2172 2831   0  42  34
2165 2826   0  43  34
2158 2823   0  43  34
2153 2817   0  43  34
2145 2811   0  43  34
2139 2807   0  45  34
2132 2802   0  45  34
2125 2797   0  45  34
2120 2792   0  45  34
2112 2784   0  45  34
2107 2778   0  45  38
2101 2768   0  45  38
2096 2759   0  44  41
2088 2748   0  44  41
2084 2732   0  44  40
2079 2712   0  43  40
2073 2693   0  43  41
2071 2677   0  44  39
2069 2666   0  44  39
2069 2662   0  43  39
% 
% .PEN_DOWN
2070 2664  27  43  40
2075 2674  30  44  39
2083 2697  32  44  39
2096 2730  33  44  39
2112 2764  33  43  39
2130 2802  36  42  39
2151 2840  40  42  40
2170 2877  42  43  40
2188 2908  45  41  39
2199 2931  49  41  39
2206 2948  51  41  38
2212 2960  52  41  38
2215 2970  55  41  38
2217 2977  57  41  38
2218 2980  60  41  38
2216 2982  62  41  38
2215 2983  63  41  38
2213 2982  63  41  38
2211 2982  63  41  38
2211 2983  63  41  38
2211 2982  63  41  38
2209 2980  63  40  40
2208 2976  63  40  39
2209 2969  63  42  39
2208 2961  63  42  40
2209 2952  63  41  40
2211 2944  63  41  40
2215 2939  63  41  40
2218 2936  63  41  41
2221 2936  63  41  41
2226 2942  63  40  41
2231 2954  61  40  41
2234 2969  60  40  41
2236 2982  59  41  41
2235 2999  59  41  41
2233 3009  59  41  41
2228 3018  59  41  41
2219 3026  59  42  41
2207 3031  59  42  41
2192 3033  59  44  41
2177 3035  59  44  41
2162 3029  59  44  41
2149 3019  59  44  41
2139 3007  59  45  41
2130 2991  59  45  41
2125 2973  59  45  41
2122 2953  59  45  41
2122 2934  59  45  41
2125 2916  59  45  40
2131 2904  59  46  40
2141 2895  59  45  38
2150 2890  59  45  38
2157 2889  59  45  39
2161 2890  59  45  39
2163 2891  61  44  41
2163 2892  62  44  41
2160 2896  63  44  38
2155 2899  63  44  38
2148 2900  63  44  40
2138 2896  63  43  38
2127 2888  63  43  38
2115 2871  63  43  38
2106 2853  63  43  38
2097 2833  63  43  38
2092 2815  63  43  38
2087 2797  63  43  38
2087 2781  63  43  37
2090 2767  63  43  37
2096 2752  63  43  35
2102 2741  61  43  37
2110 2733  55  43  37
2118 2732  49  45  37
2130 2735  42  45  37
2144 2743  33  45  37
2157 2756  24  44  37
2171 2772  19  44  37
2182 2787  14  44  37
2191 2797  12  44  37
2197 2804  13  44  37
2201 2808  18  44  37
2202 2810  24  44  37
2200 2810  29  43  37
2198 2809  34  43  37
2196 2805  39  43  37
2192 2803  44  43  37
2190 2795  46  43  37
2186 2786  47  43  37
2182 2774  50  44  37
2178 2761  52  44  37
2176 2749  50  45  37
2176 2742  49  45  37
2176 2735  47  43  37
2177 2731  40  43  38
2178 2732  32  43  38
2182 2741  21  41  38
% 
% .PEN_UP
2188 2757   0  41  38
2197 2777   0  41  38
2200 2799   0  43  38
2203 2820   0  43  36
2206 2838   0  42  37
2209 2852   0  42  37
2212 2861   0  42  37
2215 2864   0  42  37
2215 2864   0  42  37
2211 2863   0  42  37
% 
% .PEN_DOWN
2209 2862  35  41  37
2208 2861  34  41  37
2207 2858  34  41  37
2206 2853  34  41  39
2206 2849  34  41  39
2209 2843  29  41  39
2214 2840  19  41  39
2220 2839   9  41  37
% 
% .PEN_UP
2226 2840   0  40  37
2233 2845   0  40  36
2240 2856   0  40  36
2248 2867   0  40  39
2260 2879   0  40  39
2270 2890   0  40  40
2282 2901   0  41  40
2291 2907   0  42  41
2296 2905   0  42  41
2300 2899   0  42  39
2298 2887   0  43  39
2294 2863   0  43  37
2288 2840   0  45  37
2280 2816   0  45  37
2271 2796   0  45  37
2260 2772   0  45  38
2251 2747   0  45  38
2243 2726   0  45  39
2238 2710   0  44  39
2238 2706   0  44  39
2239 2712   0  44  39
2239 2725   0  44  38
% 
% .PEN_DOWN
2243 2747  28  44  38
2252 2774  28  44  38
2262 2808  29  44  38
2274 2848  29  44  39
2287 2889  31  44  39
2299 2923  33  44  40
2308 2949  36  42  40
2314 2966  40  42  40
2317 2981  42  42  40
2318 2987  45  42  40
2319 2988  47  41  40
2319 2990  48  41  40
2317 2987  48  41  40
2315 2978  48  44  40
2312 2963  48  44  40
2306 2939  48  44  41
2298 2905  48  44  41
2291 2869  48  44  41
2282 2830  48  44  41
2276 2796  48  44  41
2270 2763  48  44  41
2263 2735  49  44  38
2263 2721  49  44  38
2262 2709  49  44  38
2263 2706  49  44  38
2265 2708  51  44  40
2268 2720  52  44  39
2274 2739  53  44  39
2278 2762  53  42  39
2285 2785  53  42  39
2291 2804  53  41  39
2295 2818  53  41  40
2298 2827  53  41  40
2300 2830  51  41  39
2299 2831  47  42  39
2299 2831  46  41  41
2300 2826  45  41  41
2301 2817  47  41  41
2301 2811  45  41  41
2301 2806  47  41  41
2302 2802  45  41  41
2301 2798  47  41  41
2302 2795  48  42  41
2301 2792  48  41  41
2300 2790  51  41  41
2299 2789  52  41  41
2296 2788  53  41  41
2291 2785  56  41  41
2286 2781  57  40  38
2281 2775  55  40  38
2277 2771  54  40  38
2275 2763  54  42  38
2274 2756  54  40  38
2273 2748  54  40  38
2275 2742  49  42  38
2280 2737  46  42  38
2287 2732  45  42  38
2294 2735  42  42  38
2303 2744  40  41  38
2315 2757  40  41  37
2325 2771  39  42  37
2330 2784  39  42  37
2334 2798  39  42  37
2336 2803  41  42  37
2335 2811  43  42  37
2332 2813  46  43  37
2329 2814  47  43  37
2325 2816  50  43  37
2322 2817  49  42  37
2317 2813  49  42  37
2312 2804  49  43  37
2309 2796  46  43  37
2307 2787  47  43  37
2309 2776  46  43  39
2312 2766  45  42  39
2320 2757  42  41  38
2332 2752  38  41  38
2346 2757  36  41  37
2362 2769  32  39  37
2380 2791  31  39  37
2399 2821  30  39  37
2412 2853  29  39  37
2423 2882  27  38  37
2430 2906  28  38  39
2433 2922  31  37  39
2433 2931  35  39  38
2433 2934  34  39  38
2430 2933  37  39  38
2428 2922  38  39  38
2424 2901  38  39  39
2416 2873  38  39  39
2410 2841  36  39  39
2402 2807  35  39  39
2394 2776  34  39  38
2384 2740  34  40  38
2373 2703  34  40  38
2361 2673  31  40  38
2348 2651  30  40  36
2334 2637  27  41  36
2315 2631  21  40  37
2294 2632  15  40  37
2271 2635  12  40  38
2242 2639  11  43  38
2204 2647  10  43  37
2160 2650   5  43  37
2115 2643   2  43  36
2070 2634   8  44  36
2032 2623  16  44  36
2006 2612  23  43  36
1991 2603  26  43  36
1985 2596  27  43  36
1991 2589  31  43  36
2009 2586  32  43  36
2041 2584  35  43  36
2084 2587  42  43  36
2140 2593  48  43  36
2201 2603  51  43  36
2262 2610  52  39  36
2323 2615  53  39  36
2374 2616  51  39  36
2417 2613  50  38  36
2450 2608  44  38  36
2472 2606  34  37  36
2484 2603  22  37  36
% 
