% .SEGMENT LETTER ? ? "0"
% 
% .PEN_DOWN
1666 2919   7  50  38
1663 2915   8  50  38
1662 2913  11  50  38
1661 2912  15  50  37
1661 2913  17  50  38
1661 2920  18  50  38
1663 2931  21  50  38
1666 2945  23  50  38
1668 2961  23  48  38
1672 2977  24  48  38
1675 2990  26  48  38
1678 2998  28  48  38
1680 3004  26  47  38
1681 3006  27  47  38
1681 3006  28  46  38
1680 3007  29  46  38
1680 3005  29  46  38
1679 3004  29  46  38
1679 3000  29  46  38
1678 2994  29  48  38
1679 2987  26  48  38
1680 2978  28  48  39
1685 2968  26  47  41
1688 2963  25  47  40
1696 2958  24  47  40
1705 2958  24  47  41
1716 2964  27  47  41
1729 2972  28  49  41
1741 2984  28  49  41
1750 3000  29  49  41
1759 3010  29  48  41
1763 3020  31  48  39
1766 3026  35  46  39
1767 3027  37  46  39
1766 3026  38  45  39
1764 3024  41  45  39
1759 3016  42  46  39
1752 3000  41  46  39
1744 2978  40  46  39
1735 2951  39  47  39
1726 2917  39  47  39
1716 2881  39  47  38
1708 2846  41  47  38
1700 2816  43  47  38
1694 2793  43  48  36
1688 2777  43  48  36
1687 2765  44  47  36
1685 2759  41  47  34
1684 2756  40  46  34
1682 2757  42  48  34
1680 2760  43  48  34
1677 2768  43  48  34
1673 2775  44  48  34
1669 2783  44  48  34
1665 2793  44  48  34
1660 2800  44  48  34
1656 2809  44  48  35
1652 2817  44  48  36
1649 2822  44  48  36
1646 2826  44  48  35
1645 2828  44  48  35
1646 2829  44  48  36
1649 2825  44  48  36
1653 2822  44  48  36
1658 2818  44  48  36
1665 2813  44  48  36
1675 2808  44  47  36
1688 2807  44  46  36
1704 2808  41  46  36
1722 2815  40  46  36
1745 2830  39  45  36
1765 2855  39  45  38
1784 2891  39  45  38
1800 2923  39  45  38
1812 2951  39  45  38
1820 2972  39  45  38
1824 2988  39  44  38
1825 2999  41  44  38
1824 3003  45  43  38
1821 3005  47  43  38
1818 3003  48  43  38
1813 2995  48  43  38
1804 2981  48  43  38
1794 2959  48  43  39
1782 2929  48  44  39
1771 2897  48  47  38
1763 2865  48  47  38
1756 2832  48  47  38
1749 2804  48  47  37
1747 2785  48  47  36
1747 2770  49  48  36
1749 2758  46  48  37
1756 2755  45  48  37
1763 2761  44  48  37
1770 2776  44  48  37
1778 2796  44  48  37
1784 2817  44  48  37
1788 2834  44  48  37
1788 2850  44  48  36
1784 2864  44  48  36
1781 2872  44  47  36
1777 2877  44  45  38
1773 2873  39  46  38
1770 2866  31  46  38
1770 2855  25  45  38
1771 2840  17  45  36
1775 2825  11  45  36
% 
% .PEN_UP
1782 2816   0  45  36
1792 2811   0  45  36
1803 2809   0  45  36
1817 2812   0  45  36
1832 2815   0  45  36
1849 2822   0  44  35
1866 2828   0  44  35
1884 2832   0  42  35
1895 2838   0  42  35
1900 2841   0  42  36
% 
% .PEN_DOWN
1902 2845  26  42  36
1901 2851  33  43  36
1897 2857  38  43  38
1895 2858  43  43  38
1893 2859  46  43  38
1890 2855  47  43  38
1885 2848  48  43  39
1880 2834  48  42  39
1874 2819  48  42  39
1869 2801  48  44  39
1861 2784  48  44  38
1854 2766  48  44  38
1849 2749  48  44  38
1845 2737  48  44  38
1843 2731  48  44  38
1843 2732  48  44  38
1843 2744  51  44  35
1842 2763  52  44  35
1843 2789  53  44  35
1841 2815  53  44  38
1838 2847  53  44  38
1834 2878  53  43  38
1829 2901  53  43  38
1827 2919  53  45  38
1825 2928  53  44  40
1824 2932  53  44  40
1824 2935  53  44  40
1826 2933  53  45  40
1831 2931  54  44  39
1841 2928  54  44  39
1853 2926  54  44  39
1870 2923  51  45  39
1886 2919  47  45  39
1902 2915  41  43  39
1915 2913  35  43  39
1927 2911  27  43  37
1935 2908  18  43  39
1941 2904   9  43  39
% 
% .PEN_UP
1943 2901   0  43  37
1941 2897   0  43  37
1935 2889   0  41  39
1927 2876   0  41  39
1915 2861   0  41  38
1903 2844   0  41  38
1892 2826   0  41  38
1880 2807   0  42  38
1868 2793   0  43  38
1860 2777   0  43  38
1855 2768   0  43  40
% 
% .PEN_DOWN
1851 2761  12  44  40
1854 2753  13  44  39
1859 2749  14  44  39
1867 2747  14  44  38
1877 2745  16  44  38
1889 2747  20  44  38
1900 2752  22  44  38
1910 2760  26  44  37
1920 2768  30  43  37
1927 2777  32  43  37
1931 2784  33  43  37
1933 2794  36  43  37
1935 2800  37  43  37
1935 2805  38  43  37
1934 2812  41  43  37
1931 2814  42  43  37
1927 2815  45  44  37
1923 2814  45  42  37
1918 2810  44  43  37
1915 2804  44  43  37
1909 2796  44  42  37
1905 2783  46  42  37
1902 2774  45  41  35
1901 2767  47  41  35
1903 2760  48  43  35
1908 2751  46  42  34
1913 2746  47  42  34
1920 2742  45  42  36
1927 2744  47  42  36
1934 2751  45  42  33
1941 2759  45  42  33
1949 2767  47  42  33
1954 2775  48  42  33
1957 2781  46  42  33
1959 2782  45  42  33
1957 2784  47  42  33
1956 2782  48  42  33
1957 2778  48  42  33
1957 2771  48  42  33
1956 2762  48  42  35
1957 2752  48  42  35
1955 2743  48  42  38
1955 2737  48  42  38
1954 2733  48  42  38
1954 2730  48  42  38
1956 2731  48  42  38
1959 2734  49  42  38
1964 2741  46  45  37
1968 2749  45  45  37
1973 2759  44  45  39
1977 2765  44  46  38
1978 2770  44  46  39
1981 2769  46  45  39
1980 2768  47  45  38
1981 2766  48  42  38
1984 2764  46  41  39
1984 2759  45  41  39
1985 2753  42  41  36
1986 2749  35  41  36
1987 2746  25  42  37
1988 2747  12  42  37
% 
% .PEN_UP
1990 2752   0  42  37
1993 2760   0  42  37
1997 2772   0  42  37
2003 2787   0  41  37
2016 2801   0  41  37
2032 2821   0  42  37
2052 2843   0  42  38
2075 2864   0  42  38
2098 2888   0  42  40
2121 2907   0  43  40
2144 2918   0  43  40
2166 2929   0  40  39
2186 2935   0  40  39
2198 2931   0  39  39
2204 2924   0  39  40
2202 2912   0  40  40
2200 2902   0  43  38
2195 2892   0  43  38
2188 2884   0  43  38
2182 2874   0  44  38
2173 2869   0  44  38
2165 2861   0  44  38
2155 2854   0  44  38
2146 2844   0  46  38
2137 2835   0  46  36
2128 2827   0  46  36
2121 2819   0  46  36
2113 2813   0  46  36
2107 2804   0  46  36
2102 2802   0  46  36
2096 2798   0  46  36
2090 2793   0  46  36
2087 2788   0  46  36
2084 2784   0  45  36
2082 2780   0  45  36
2079 2774   0  42  35
2077 2764   0  42  35
2075 2755   0  42  35
2071 2741   0  42  37
2071 2730   0  42  37
2068 2713   0  42  38
2065 2703   0  43  39
2062 2696   0  43  39
% 
% .PEN_DOWN
2061 2694  15  44  39
2062 2695  17  44  39
2065 2702  21  44  38
2071 2720  25  44  38
2081 2746  27  44  38
2094 2777  28  44  38
2109 2809  31  44  38
2125 2848  35  42  39
2141 2885  37  42  39
2156 2914  40  42  38
2164 2934  44  42  38
2171 2947  46  42  37
2174 2954  50  42  37
2175 2959  52  42  37
2175 2960  55  42  37
2176 2960  57  42  37
2176 2961  55  40  37
2174 2961  57  43  37
2173 2961  55  43  37
2172 2956  54  43  39
2168 2952  54  42  39
2165 2942  54  42  38
2163 2933  54  42  38
2161 2923  54  42  38
2161 2912  51  43  38
2162 2904  50  43  41
2163 2900  52  44  40
2164 2897  50  44  40
2168 2898  49  43  40
2172 2905  49  43  39
2175 2920  49  44  39
2180 2938  49  45  40
2183 2956  49  45  40
2183 2969  51  45  40
2181 2983  52  44  40
2177 2994  53  44  40
2168 3001  53  44  40
2157 3008  53  44  40
2144 3011  53  43  40
2131 3010  53  43  40
2119 3003  53  43  40
2107 2994  53  43  40
2097 2985  53  43  40
2087 2972  53  42  39
2081 2955  53  42  39
2076 2936  54  42  40
2074 2919  54  42  40
2077 2898  51  42  40
2082 2874  50  42  39
2089 2858  49  42  39
2097 2850  46  42  39
2104 2841  47  42  39
2108 2839  46  42  39
2111 2837  45  42  38
2113 2837  47  42  38
2112 2837  50  42  38
2109 2841  52  42  38
2102 2842  53  42  38
2095 2840  53  42  38
2082 2835  53  44  38
2069 2827  53  44  38
2056 2815  53  44  38
2045 2801  53  44  38
2038 2790  51  44  38
2034 2778  52  46  38
2033 2767  50  46  38
2036 2754  49  46  38
2043 2739  49  46  38
2050 2727  51  46  38
2060 2715  50  46  38
2069 2705  49  44  38
2081 2703  44  44  37
2092 2705  39  44  38
2104 2713  29  44  38
2115 2726  19  45  38
% 
% .PEN_UP
2126 2744   0  45  37
2137 2762   0  47  37
2144 2776   0  48  37
2151 2786   0  48  37
2157 2794   0  48  37
2160 2797   0  46  37
% 
% .PEN_DOWN
2161 2799   8  46  37
2162 2799  16  45  37
2162 2798  23  45  37
2161 2795  31  45  37
2159 2791  35  45  37
2156 2783  39  43  37
2153 2773  41  42  35
2149 2763  43  42  35
2146 2752  43  42  36
2144 2740  43  43  36
2142 2731  44  43  37
2141 2729  39  43  37
2142 2730  26  43  37
2145 2741  13  42  37
% 
% .PEN_UP
2151 2759   0  42  37
2157 2782   0  42  37
2164 2801   0  43  37
2172 2823   0  43  37
2179 2842   0  43  35
2186 2860   0  44  35
2191 2873   0  44  38
2194 2875   0  42  39
2195 2877   0  42  39
2190 2876   0  42  39
% 
% .PEN_DOWN
2186 2873  23  42  40
2184 2871  23  42  40
2180 2869  24  42  38
2181 2865  24  42  40
2181 2860  21  42  40
2183 2854  18  42  40
2185 2849  11  42  39
% 
% .PEN_UP
2192 2845   0  41  38
2200 2849   0  41  38
2208 2857   0  42  38
2215 2868   0  42  38
2221 2874   0  43  38
2229 2881   0  43  40
2241 2889   0  43  40
2248 2893   0  43  41
2250 2895   0  43  41
2250 2889   0  43  42
2249 2878   0  43  42
2240 2864   0  41  41
2232 2847   0  41  41
2224 2828   0  41  41
2215 2808   0  42  41
2204 2791   0  42  41
2192 2773   0  43  41
2183 2753   0  43  40
2176 2732   0  43  40
2173 2717   0  43  40
2173 2711   0  43  40
2174 2711   0  42  39
% 
% .PEN_DOWN
2176 2718  14  42  39
2181 2734  17  42  36
2192 2757  18  43  36
2205 2783  21  43  36
2218 2811  25  43  36
2230 2844  27  43  36
2240 2876  28  43  36
2249 2904  31  43  37
2255 2925  32  43  37
2260 2938  33  43  37
2261 2946  36  43  37
2263 2949  37  43  37
2264 2949  36  43  39
2263 2950  37  43  39
2261 2947  38  43  39
2260 2936  36  43  40
2257 2916  35  43  40
2253 2893  34  43  40
2247 2865  37  43  40
2242 2837  38  44  40
2234 2808  38  44  40
2228 2779  38  44  39
2222 2753  39  44  39
2217 2735  39  44  38
2216 2723  39  42  38
2214 2717  39  42  37
2215 2716  39  42  37
2218 2724  39  42  37
2221 2738  41  41  37
2227 2755  42  41  37
2234 2775  43  41  37
2240 2793  43  41  37
2244 2803  44  41  37
2246 2807  44  41  37
2247 2809  44  41  37
2248 2812  44  41  37
2249 2810  44  41  37
2250 2807  44  41  37
2252 2805  41  41  37
2254 2798  42  41  37
2256 2793  43  41  37
2256 2791  43  41  37
2257 2787  44  41  37
2259 2784  41  41  37
2259 2781  42  41  37
2258 2780  43  41  37
2259 2779  43  41  37
2257 2779  44  41  37
2255 2779  44  41  37
2252 2779  44  41  37
2247 2774  44  41  37
2244 2770  44  41  36
2241 2765  44  41  36
2238 2761  44  41  39
2238 2755  41  41  39
2238 2752  40  41  38
2239 2747  39  41  38
2243 2742  39  41  39
2248 2741  39  41  38
2253 2740  39  41  38
2258 2742  39  41  38
2264 2746  39  41  38
2269 2751  39  41  38
2271 2756  39  41  37
2273 2763  39  41  37
2272 2769  39  41  37
2271 2774  39  41  37
2272 2777  39  41  37
2271 2781  39  41  37
2270 2781  39  41  37
2267 2780  41  41  37
2266 2779  40  41  37
2264 2775  39  41  37
2263 2769  39  41  37
2263 2763  39  41  37
2264 2756  36  41  37
2265 2750  35  41  37
2267 2742  34  40  37
2273 2736  32  40  37
2280 2735  30  40  37
2289 2740  30  38  37
2301 2752  29  38  37
2316 2770  29  38  37
2332 2793  27  38  37
2346 2814  28  38  38
2358 2838  26  38  37
2366 2861  25  40  37
2371 2882  24  40  38
2376 2903  24  39  38
2377 2914  27  38  38
2379 2919  28  38  38
2378 2921  28  38  40
2378 2917  29  40  40
2378 2906  29  39  40
2376 2888  29  39  40
2375 2865  29  39  37
2371 2837  29  40  37
2367 2808  29  40  37
2362 2778  29  40  38
2355 2747  26  40  38
2349 2715  23  42  38
2344 2684  21  42  38
2338 2658  20  40  38
2328 2639  19  41  38
2316 2624  19  41  38
2298 2613  19  41  38
2275 2606  19  41  38
2247 2598  19  42  38
2212 2596  19  42  38
2168 2594  19  42  38
2126 2594  19  42  38
2081 2588  17  42  38
2037 2582  18  43  38
2003 2578  23  45  38
1985 2575  31  45  38
1976 2575  35  45  38
1975 2575  34  44  38
1986 2579  34  42  38
2012 2584  34  42  38
2048 2589  34  42  38
2093 2595  34  41  36
2149 2600  34  41  38
2208 2608  34  41  38
2264 2617  34  41  36
2319 2621  34  38  36
2365 2624  34  38  36
2401 2622  34  39  36
2427 2617  34  39  36
2443 2612  31  38  36
2452 2608  28  38  36
2455 2604  26  38  36
2453 2600  22  38  36
2444 2597  13  39  36
% 
