% .SEGMENT LETTER ? ? "0"
% 
% .PEN_DOWN
1667 2899  18  44  38
1666 2902  21  44  37
1664 2907  22  44  37
1666 2917  23  44  37
1667 2931  26  43  37
1670 2946  25  43  37
1675 2963  27  45  37
1678 2978  28  45  37
1682 2988  29  47  37
1686 2996  29  47  37
1688 2999  29  47  37
1689 3003  29  48  37
1689 3003  29  48  37
1688 3003  31  48  37
1688 2999  33  47  37
1689 2995  31  47  37
1689 2987  32  49  37
1690 2983  33  49  37
1693 2976  31  48  37
1697 2967  32  48  39
1701 2959  31  48  39
1708 2954  30  48  40
1715 2953  32  48  40
1723 2956  33  48  39
1730 2963  33  48  39
1738 2975  34  47  39
1745 2989  34  47  39
1751 3000  34  47  39
1755 3010  36  47  39
1754 3017  37  47  39
1754 3020  41  45  39
1754 3022  45  45  39
1751 3019  47  46  39
1745 3013  48  46  39
1740 3002  48  46  39
1733 2985  48  47  38
1725 2959  48  47  38
1716 2924  48  47  37
1707 2886  48  47  37
1698 2845  48  47  37
1688 2803  48  48  35
1679 2767  48  48  35
1672 2738  48  47  35
1669 2722  49  47  33
1667 2713  49  46  33
1667 2711  51  46  34
1665 2723  52  46  34
1663 2742  50  46  34
1662 2760  49  46  34
1661 2779  49  46  34
1657 2797  49  46  34
1653 2813  49  46  32
1648 2825  49  46  34
1646 2832  49  46  33
1643 2837  49  46  33
1641 2839  49  46  34
1641 2840  49  46  34
1641 2838  49  46  34
1645 2839  49  46  34
1649 2835  49  46  34
1657 2833  49  46  34
1668 2833  49  46  36
1684 2837  49  45  36
1702 2844  49  45  37
1725 2861  49  44  38
1745 2881  49  44  38
1767 2909  46  44  38
1786 2936  45  44  37
1801 2959  44  44  37
1811 2975  44  45  37
1816 2989  44  45  37
1818 2998  44  45  37
1817 3001  46  45  37
1813 3003  47  45  37
1808 2998  48  45  37
1801 2990  48  45  37
1791 2974  48  45  37
1780 2950  48  46  40
1769 2918  48  46  40
1758 2882  48  46  38
1748 2845  48  46  38
1740 2811  48  46  38
1733 2782  48  48  36
1729 2757  48  48  36
1730 2738  51  47  36
1733 2728  50  45  36
1740 2727  52  45  36
1749 2736  50  45  37
1758 2752  49  45  37
1765 2775  51  45  37
1771 2799  52  45  37
1776 2821  53  45  37
1777 2840  53  45  37
1777 2854  53  45  39
1773 2867  51  45  39
1768 2873  50  45  39
1764 2875  44  45  39
1759 2870  39  45  40
1756 2860  34  46  40
1754 2844  26  45  39
1755 2829  18  45  39
1761 2816   9  45  39
% 
% .PEN_UP
1770 2808   0  45  39
1780 2804   0  45  39
1791 2811   0  45  39
1802 2815   0  45  39
1816 2822   0  49  39
1832 2833   0  49  36
1850 2841   0  47  35
1867 2850   0  47  35
1884 2856   0  44  35
1898 2858   0  44  36
1906 2860   0  45  36
1909 2862   0  44  38
% 
% .PEN_DOWN
1908 2864  23  44  38
1908 2867  28  44  39
1905 2873  31  44  39
1904 2877  35  44  42
1901 2878  39  44  42
1899 2876  44  43  41
1895 2869  46  43  41
1889 2859  47  43  41
1884 2846  48  43  41
1879 2828  48  43  41
1871 2810  48  46  41
1866 2789  48  43  41
1859 2767  48  43  41
1853 2747  48  43  39
1849 2732  48  43  39
1849 2729  51  43  39
1848 2732  55  44  36
1848 2743  57  44  36
1847 2760  58  44  36
1848 2785  58  44  36
1850 2812  58  44  36
1847 2844  58  44  36
1844 2872  58  45  36
1839 2901  58  45  37
1835 2924  58  44  37
1833 2938  58  43  39
1833 2947  58  43  39
1831 2951  58  43  38
1830 2952  59  43  38
1833 2953  59  43  37
1841 2955  59  43  37
1854 2954  59  43  37
1868 2952  56  45  37
1885 2951  55  45  39
1902 2948  54  45  39
1915 2943  49  45  40
1927 2937  41  45  40
1937 2932  33  45  41
1944 2928  23  45  41
1950 2921  14  45  40
% 
% .PEN_UP
1951 2914   0  45  40
1951 2906   0  45  40
1945 2896   0  45  40
1937 2885   0  45  40
1926 2870   0  45  40
1913 2852   0  44  39
1899 2835   0  44  39
1887 2817   0  44  39
1875 2798   0  45  39
1863 2780   0  45  38
1855 2762   0  47  38
1850 2751   0  47  38
% 
% .PEN_DOWN
1847 2742  12  47  38
1849 2735  15  47  38
1855 2729  17  46  38
1864 2728  21  46  38
1874 2727  25  44  38
1885 2732  27  44  38
1897 2739  30  43  38
1909 2747  32  43  38
1919 2757  38  42  38
1928 2768  41  42  38
1935 2777  42  42  38
1937 2786  45  42  38
1937 2795  47  42  38
1937 2801  50  42  38
1936 2805  52  42  38
1933 2806  53  42  38
1927 2809  53  42  38
1922 2808  53  42  38
1917 2807  53  44  38
1911 2803  53  44  38
1905 2795  53  44  38
1901 2786  53  44  38
1898 2777  53  44  38
1898 2767  51  44  37
1898 2756  50  44  37
1901 2747  52  44  40
1907 2739  50  44  40
1912 2735  49  44  39
1921 2734  49  43  40
1931 2736  49  43  40
1939 2745  49  43  40
1946 2756  49  43  38
1953 2767  51  43  38
1958 2775  52  43  38
1961 2778  53  43  38
1963 2781  53  43  38
1962 2781  53  43  38
1962 2779  53  43  38
1964 2774  53  43  37
1964 2767  53  43  37
1962 2756  56  43  37
1961 2744  55  43  37
1959 2732  54  43  38
1958 2725  54  43  38
1958 2720  54  43  38
1958 2714  54  43  36
1958 2716  54  43  36
1962 2720  54  43  37
1965 2728  56  43  37
1969 2737  55  43  37
1972 2745  57  43  37
1975 2750  58  43  37
1978 2753  56  41  35
1977 2753  55  41  35
1979 2754  57  40  35
1979 2751  58  40  36
1981 2749  56  40  36
1983 2745  55  40  37
1984 2742  52  40  37
1985 2738  45  40  37
1986 2737  35  40  37
1989 2739  24  40  35
1994 2742  14  40  36
% 
% .PEN_UP
2002 2752   0  40  36
2014 2769   0  41  36
2027 2787   0  41  36
2042 2806   0  40  36
2059 2831   0  40  37
2078 2854   0  40  37
2096 2882   0  40  37
2115 2905   0  39  37
2133 2924   0  39  41
2149 2941   0  40  41
2165 2949   0  40  40
2176 2950   0  40  40
2181 2949   0  40  38
2185 2941   0  41  38
2183 2929   0  43  39
2179 2918   0  43  39
2174 2905   0  43  36
2166 2895   0  41  36
2159 2883   0  41  37
2154 2869   0  42  35
2145 2860   0  42  35
2139 2852   0  47  35
2132 2844   0  47  35
2126 2836   0  47  35
2119 2828   0  47  35
2112 2823   0  47  35
2105 2816   0  47  35
2100 2808   0  47  35
2097 2798   0  47  35
2092 2793   0  47  35
2088 2785   0  47  35
2084 2774   0  43  35
2079 2762   0  43  38
2076 2751   0  43  38
2074 2738   0  44  36
2071 2725   0  44  36
2069 2717   0  44  37
% 
% .PEN_DOWN
2068 2713  14  44  37
2069 2716  19  43  38
2071 2727  22  43  38
2079 2745  25  43  37
2088 2767  27  43  38
2100 2797  30  43  38
2116 2830  32  43  38
2132 2866  33  43  38
2147 2902  36  42  38
2160 2928  40  42  38
2169 2950  44  42  38
2176 2962  49  43  39
2180 2971  51  43  39
2181 2974  55  43  38
2182 2977  57  43  38
2180 2977  58  43  39
2179 2976  58  42  39
2178 2976  58  42  39
2176 2973  58  42  39
2174 2968  58  42  38
2172 2961  58  43  37
2169 2957  58  43  37
2167 2950  58  44  37
2170 2946  58  44  37
2171 2943  58  41  37
2176 2941  59  43  37
2181 2943  59  43  37
2184 2951  59  43  39
2187 2961  59  45  39
2192 2974  56  45  39
2191 2988  57  45  39
2191 3002  58  45  39
2189 3013  58  44  39
2182 3021  56  44  39
2171 3029  55  44  39
2158 3035  54  44  40
2142 3037  54  44  40
2129 3035  54  44  41
2116 3029  54  44  41
2105 3022  54  44  41
2095 3009  54  44  41
2086 2996  54  44  41
2080 2979  54  44  38
2078 2960  54  44  41
2078 2937  54  44  41
2083 2912  54  44  38
2090 2890  54  44  38
2098 2877  54  44  38
2106 2869  54  44  38
2114 2865  54  44  37
2119 2864  56  43  37
2123 2864  57  43  37
2124 2866  58  43  39
2121 2869  58  43  39
2118 2876  58  43  39
2111 2877  58  43  39
2102 2877  58  43  39
2090 2872  58  43  40
2079 2863  58  43  40
2067 2849  58  43  39
2057 2834  58  45  39
2050 2819  58  45  39
2045 2803  59  44  39
2043 2789  59  44  39
2044 2773  59  43  39
2048 2758  59  43  38
2054 2745  56  43  38
2063 2728  55  43  37
2071 2719  49  43  37
2081 2714  39  43  36
2092 2718  27  43  35
2105 2732  13  43  35
% 
% .PEN_UP
2118 2754   0  45  35
2129 2778   0  45  35
2140 2796   0  45  35
2149 2810   0  45  35
2156 2819   0  45  35
2158 2821   0  45  35
2157 2820   0  44  35
% 
% .PEN_DOWN
2155 2816  23  44  35
2153 2812  28  44  35
2149 2803  36  44  35
2147 2794  40  46  35
2143 2783  44  46  36
2139 2773  46  47  37
2136 2762  47  47  37
2135 2752  48  47  37
2133 2742  48  47  37
2133 2738  41  45  37
2134 2735  32  45  37
2137 2738  23  46  37
2140 2751  14  46  37
% 
% .PEN_UP
2146 2765   0  45  37
2153 2783   0  45  37
2158 2804   0  47  37
2160 2826   0  45  37
2166 2845   0  45  37
2170 2863   0  45  37
2173 2877   0  46  37
2178 2884   0  44  40
2180 2887   0  44  40
2178 2887   0  44  40
% 
% .PEN_DOWN
2177 2886  24  43  40
2176 2885  27  43  38
2176 2882  25  43  37
2178 2876  25  43  37
2181 2869  22  43  37
2184 2862  18  43  36
2189 2856  11  41  36
% 
% .PEN_UP
2199 2857   0  42  37
2208 2861   0  42  37
2217 2866   0  42  37
2225 2876   0  40  37
2233 2886   0  40  39
2245 2894   0  40  40
2254 2903   0  40  40
2260 2913   0  40  40
2263 2915   0  40  36
2263 2912   0  40  36
2263 2905   0  40  39
2257 2888   0  40  36
2248 2872   0  40  36
2238 2849   0  45  36
2228 2830   0  45  36
2216 2809   0  46  42
2203 2788   0  46  42
2191 2768   0  47  42
2180 2751   0  47  39
2175 2734   0  45  39
2172 2722   0  45  39
2170 2721   0  45  39
% 
% .PEN_DOWN
2170 2724  20  45  38
2175 2738  22  45  38
2185 2762  23  45  38
2201 2794  24  45  38
2218 2828  24  45  38
2234 2868  26  45  38
2248 2907  30  45  38
2259 2939  32  45  38
2268 2962  35  45  38
2271 2977  40  45  38
2274 2983  42  45  38
2274 2988  45  45  38
2275 2989  47  45  38
2276 2986  48  45  38
2275 2981  48  45  39
2273 2973  48  45  39
2269 2956  48  45  40
2264 2929  48  45  40
2257 2898  48  45  40
2249 2863  48  45  40
2242 2827  48  45  40
2235 2792  48  43  37
2228 2763  48  43  37
2222 2741  49  44  37
2218 2724  49  44  38
2217 2716  49  42  38
2218 2711  49  42  40
2220 2716  49  42  40
2224 2726  49  42  39
2230 2744  49  42  39
2235 2765  49  42  39
2241 2785  49  42  39
2247 2797  49  42  39
2250 2807  46  42  39
2252 2812  47  42  39
2254 2816  46  42  39
2255 2818  42  42  39
2258 2816  40  42  39
2259 2813  40  42  39
2262 2811  39  42  39
2262 2811  39  42  39
2264 2806  39  42  39
2264 2804  39  42  39
2264 2803  41  42  39
2263 2802  43  42  39
2263 2803  46  42  39
2261 2801  47  42  39
2259 2800  48  42  39
2256 2794  48  42  39
2252 2790  48  42  39
2248 2784  48  40  39
2242 2778  48  42  39
2237 2772  48  42  38
2235 2765  48  40  38
2234 2758  48  40  37
2236 2750  46  40  37
2242 2744  45  40  37
2248 2742  42  40  37
2256 2745  40  40  37
2264 2748  40  40  37
2269 2759  39  40  37
2275 2770  39  40  37
2279 2779  41  40  37
2281 2788  43  39  37
2281 2798  43  39  37
2282 2803  43  39  37
2281 2803  44  39  37
2279 2806  46  39  37
2276 2804  45  39  37
2274 2802  42  39  37
2271 2797  40  39  37
2271 2788  37  39  37
2271 2779  35  39  38
2272 2770  32  39  38
2275 2761  28  39  40
2282 2755  24  41  40
2291 2754  19  41  40
2304 2759  14  41  40
2320 2770   9  41  40
2338 2788   4  41  40
2354 2804   2  41  40
2366 2823   1  39  41
2376 2839   2  39  41
2381 2850   6  39  41
2382 2853  10  39  39
2381 2853  12  38  39
2376 2847  13  40  39
2371 2834  14  40  39
2361 2814  14  40  39
2349 2792  16  41  39
2335 2767  20  41  38
2318 2739  22  41  39
2301 2713  23  41  39
2283 2688  26  41  39
2264 2668  28  41  38
2241 2654  28  43  38
2209 2644  29  43  36
2173 2636  26  44  35
2136 2629  25  44  35
2100 2622  25  44  35
2060 2618  24  44  35
2022 2617  24  42  35
1992 2615  24  42  35
1970 2613  24  42  35
1959 2612  24  42  35
1955 2611  24  42  35
1960 2607  27  41  35
1977 2604  30  41  35
2008 2607  32  41  35
2050 2610  33  41  35
2100 2620  36  41  35
2160 2633  37  40  36
2219 2649  36  40  36
2275 2661  32  39  36
2326 2663  21  39  37
