% .SEGMENT LETTER ? ? "0"
% 
% .PEN_DOWN
1738 2922   9  47  37
1736 2919  14  47  37
1733 2917  17  47  38
1734 2918  18  46  40
1734 2924  18  46  40
1736 2933  21  46  40
1738 2944  23  46  39
1740 2958  23  46  39
1746 2974  26  46  39
1752 2985  28  46  39
1756 2996  28  45  39
1759 3000  29  45  39
1760 3004  29  45  39
1762 3004  31  45  39
1762 3004  33  45  39
1761 3003  33  46  39
1761 3004  33  46  39
1760 3001  34  46  39
1759 2997  34  46  39
1759 2989  34  47  38
1760 2982  34  47  38
1761 2973  34  47  38
1765 2965  34  47  40
1769 2957  34  46  40
1776 2953  34  46  41
1784 2954  34  46  39
1791 2960  31  46  39
1799 2972  33  46  39
1807 2983  31  46  39
1814 2998  30  44  39
1818 3007  29  44  39
1821 3014  32  45  39
1821 3018  35  45  39
1821 3019  37  46  39
1820 3019  38  46  39
1817 3013  38  46  39
1814 3002  39  46  39
1808 2983  39  46  39
1803 2957  39  46  38
1797 2925  41  46  38
1788 2889  42  46  38
1781 2851  43  45  36
1772 2816  43  45  38
1764 2788  44  46  38
1760 2765  44  46  36
1755 2748  44  45  36
1752 2741  44  44  35
1753 2740  44  44  35
1752 2746  44  44  34
1750 2757  44  44  34
1749 2773  44  45  34
1746 2788  44  45  34
1743 2799  44  45  34
1738 2812  44  45  34
1735 2820  44  45  34
1732 2825  44  47  36
1729 2827  44  47  36
1727 2829  44  46  36
1726 2827  44  46  37
1727 2821  44  46  37
1730 2814  44  46  37
1734 2808  44  46  37
1741 2802  44  46  37
1753 2801  44  45  37
1763 2797  44  45  37
1779 2800  41  45  37
1793 2810  40  45  37
1809 2824  39  44  37
1827 2854  39  44  38
1846 2888  39  46  38
1861 2922  39  46  38
1871 2948  39  46  38
1877 2969  39  46  38
1880 2984  41  46  38
1879 2989  43  46  38
1874 2992  43  45  38
1867 2991  43  45  38
1860 2986  44  46  38
1850 2972  44  46  39
1839 2949  44  46  39
1830 2920  44  46  39
1822 2885  44  46  39
1816 2854  44  46  39
1810 2825  44  46  36
1807 2796  46  46  36
1806 2772  47  46  36
1808 2750  46  46  37
1810 2734  45  46  36
1814 2726  44  46  36
1820 2725  44  44  36
1826 2733  44  44  37
1832 2749  44  44  37
1836 2767  44  44  37
1840 2787  44  44  37
1842 2801  44  43  37
1840 2815  44  43  37
1839 2825  44  43  37
1835 2831  44  43  37
1832 2835  41  43  36
1829 2834  35  45  36
1828 2828  30  46  36
1829 2819  24  46  36
1831 2810  17  46  36
1837 2802   8  47  36
% 
% .PEN_UP
1846 2801   0  47  36
1858 2804   0  45  36
1871 2810   0  43  36
1886 2819   0  43  36
1900 2830   0  43  37
1916 2841   0  43  37
1929 2851   0  43  38
1939 2861   0  43  38
1945 2870   0  43  37
1949 2873   0  43  37
1950 2874   0  43  39
% 
% .PEN_DOWN
1949 2876  25  43  39
1946 2877  27  43  38
1943 2878  30  43  38
1941 2876  35  43  37
1938 2873  37  43  37
1934 2863  38  43  39
1929 2853  38  43  39
1924 2840  38  44  38
1921 2822  39  44  38
1915 2801  39  44  38
1909 2782  39  44  38
1904 2763  41  44  38
1898 2746  42  45  38
1897 2738  43  44  36
1893 2732  46  44  36
1892 2734  50  44  37
1891 2747  52  45  37
1891 2767  53  45  37
1892 2793  53  46  37
1891 2821  53  46  37
1891 2853  53  46  37
1887 2884  53  46  40
1885 2911  53  46  40
1882 2930  53  47  38
1881 2943  53  47  38
1881 2948  53  47  40
1880 2950  53  46  40
1882 2951  54  46  38
1889 2949  54  46  38
1899 2946  54  46  38
1913 2944  54  44  38
1927 2939  54  44  38
1940 2936  51  44  38
1954 2930  47  44  38
1965 2923  41  41  38
1974 2918  32  43  38
1981 2913  23  43  38
1986 2907  14  43  39
% 
% .PEN_UP
1989 2901   0  43  39
1986 2896   0  43  39
1981 2889   0  41  38
1974 2878   0  41  38
1962 2866   0  41  38
1949 2850   0  41  38
1936 2830   0  40  38
1924 2813   0  41  38
1912 2795   0  41  38
1905 2778   0  41  38
1901 2765   0  42  38
1897 2757   0  43  37
% 
% .PEN_DOWN
1897 2751  15  43  37
1900 2746  15  43  37
1907 2742  17  42  37
1915 2741  18  42  37
1925 2743  21  42  37
1935 2750  25  42  37
1946 2759  27  42  37
1955 2768  28  42  37
1960 2777  31  42  37
1965 2788  32  42  37
1970 2799  33  42  37
1972 2803  33  42  37
1973 2808  36  42  37
1973 2812  37  42  37
1970 2816  41  42  37
1968 2818  42  42  37
1965 2815  43  42  37
1960 2814  43  42  37
1955 2807  44  42  37
1951 2797  44  42  37
1945 2789  44  42  37
1941 2778  44  42  37
1939 2766  44  42  37
1939 2757  44  42  35
1941 2746  44  42  35
1945 2740  44  42  36
1951 2734  44  42  36
1958 2734  44  42  35
1966 2739  44  42  35
1976 2748  44  43  32
1984 2761  44  43  32
1992 2771  44  43  32
1998 2780  44  43  32
2001 2785  44  43  32
2002 2786  46  41  32
2001 2788  50  41  32
2001 2787  52  41  32
2000 2782  53  41  32
1999 2775  53  40  32
1997 2765  53  42  34
1995 2754  53  42  34
1994 2742  53  42  34
1991 2732  53  43  34
1989 2726  53  41  34
1990 2721  53  41  34
1991 2720  53  41  34
1993 2721  53  40  36
1997 2730  54  40  36
2003 2741  51  42  36
2010 2755  52  42  36
2017 2765  50  42  36
2020 2772  49  42  36
2021 2775  51  44  36
2024 2776  50  44  36
2025 2776  49  43  36
2026 2772  49  43  36
2027 2765  49  42  39
2028 2757  49  42  39
2028 2750  44  42  39
2029 2743  36  42  38
2030 2739  28  43  38
2035 2739  18  43  40
2043 2742  11  42  40
% 
% .PEN_UP
2054 2749   0  42  41
2064 2761   0  42  41
2076 2773   0  42  41
2089 2786   0  42  41
2102 2802   0  42  41
2115 2815   0  42  42
2132 2829   0  42  42
2150 2840   0  43  42
2168 2854   0  43  40
2188 2862   0  40  40
2203 2869   0  40  39
2215 2869   0  38  38
2222 2866   0  38  38
2227 2859   0  38  38
2228 2849   0  38  39
2228 2840   0  39  37
2225 2834   0  39  37
2219 2824   0  41  37
2212 2819   0  41  37
2204 2814   0  43  37
2193 2808   0  43  37
2183 2804   0  44  37
2173 2798   0  44  37
2163 2794   0  44  37
2154 2791   0  44  37
2146 2785   0  45  37
2139 2782   0  45  37
2133 2777   0  47  37
2128 2772   0  47  40
2123 2768   0  47  40
2118 2761   0  47  41
2114 2755   0  47  42
2112 2747   0  47  42
2109 2741   0  47  42
2105 2732   0  47  40
2103 2720   0  47  38
2102 2708   0  47  38
2099 2697   0  47  38
2096 2688   0  47  39
% 
% .PEN_DOWN
2095 2683   6  47  39
2094 2679   7  47  39
2094 2677  11  47  39
2093 2681  15  47  39
2097 2694  19  47  40
2104 2715  22  47  40
2114 2742  25  45  40
2127 2772  27  45  40
2142 2804  30  43  40
2159 2840  32  43  40
2174 2873  35  43  40
2186 2900  40  43  41
2196 2919  42  43  41
2201 2934  45  43  39
2205 2944  49  43  39
2206 2950  51  43  40
2207 2953  50  44  40
2207 2955  52  44  39
2207 2958  53  44  40
2206 2957  53  44  40
2205 2955  53  44  40
2202 2951  53  44  40
2199 2946  53  43  40
2197 2937  53  41  41
2195 2931  51  41  41
2194 2924  52  41  41
2195 2917  50  40  41
2196 2913  49  40  42
2198 2911  49  41  42
2202 2913  49  41  42
2207 2919  49  43  42
2211 2928  49  43  42
2215 2940  49  43  42
2219 2953  49  45  41
2220 2969  49  45  41
2219 2981  49  45  41
2215 2992  49  45  41
2208 3003  51  45  41
2199 3010  52  43  41
2188 3017  53  44  41
2175 3020  53  44  41
2160 3022  53  44  41
2148 3020  53  44  41
2137 3012  53  44  41
2127 3002  53  44  41
2120 2988  53  44  41
2117 2971  53  44  39
2113 2950  53  44  41
2112 2923  53  44  41
2112 2895  54  44  39
2116 2872  54  44  39
2119 2852  51  44  38
2126 2842  50  43  38
2132 2834  49  43  38
2137 2831  49  45  38
2139 2832  49  45  38
2142 2832  51  44  38
2142 2839  52  44  38
2138 2847  53  43  38
2134 2854  53  43  37
2128 2859  56  43  37
2121 2859  55  43  39
2113 2854  54  43  39
2104 2840  54  43  38
2097 2828  54  43  38
2090 2813  54  43  38
2084 2798  54  44  37
2081 2786  54  44  37
2081 2769  54  45  37
2083 2756  54  45  37
2086 2742  54  45  38
2093 2727  51  45  38
2101 2716  47  45  38
2110 2712  41  44  38
2119 2714  32  44  38
2130 2717  23  44  38
2142 2729  14  44  38
% 
% .PEN_UP
2156 2747   0  44  38
2169 2764   0  43  38
2182 2777   0  43  38
2189 2788   0  43  38
2196 2793   0  43  38
% 
% .PEN_DOWN
2199 2797   9  43  38
2199 2795  17  43  38
2197 2791  25  43  38
2196 2786  34  42  38
2195 2784  41  41  38
2191 2779  47  41  38
2188 2772  50  42  38
2185 2760  52  42  37
2182 2749  55  42  36
2177 2737  54  42  36
2175 2728  54  44  36
2174 2723  49  44  35
2173 2721  41  45  35
2176 2725  30  44  37
2180 2738  20  44  37
% 
% .PEN_UP
2187 2757   0  44  37
2195 2781   0  44  37
2201 2800   0  44  37
2204 2821   0  42  37
2207 2841   0  40  37
2212 2853   0  40  37
2216 2860   0  40  39
2217 2862   0  42  39
2216 2862   0  42  38
% 
% .PEN_DOWN
2213 2858  12  43  38
2211 2855  13  43  38
2209 2851  16  42  38
2209 2846  18  42  40
2209 2842  18  41  39
2210 2836  16  41  39
2214 2831  10  43  39
% 
% .PEN_UP
2219 2828   0  43  39
2225 2828   0  43  39
2231 2832   0  43  37
2237 2836   0  43  37
2242 2840   0  43  35
2249 2848   0  43  35
2258 2854   0  43  37
2263 2857   0  43  35
2268 2853   0  43  35
2269 2847   0  43  35
2267 2839   0  43  35
2261 2830   0  43  35
2255 2816   0  43  35
2249 2804   0  43  35
2241 2792   0  43  35
2236 2778   0  43  35
2230 2762   0  43  37
2224 2750   0  43  37
2222 2739   0  43  36
2222 2736   0  43  36
2227 2736   0  43  37
2231 2741   0  41  37
2235 2749   0  41  37
% 
% .PEN_DOWN
2240 2764  11  41  37
2246 2783  12  41  37
2255 2804  13  41  38
2263 2830  16  41  37
2271 2861  18  42  37
2278 2888  18  42  38
2283 2912  19  41  38
2288 2932  21  42  38
2290 2946  23  42  38
2291 2954  26  42  39
2291 2958  27  41  39
2292 2959  28  40  42
2291 2958  29  40  42
2291 2953  31  40  41
2289 2941  30  42  40
2286 2922  32  42  42
2280 2893  33  42  42
2277 2863  33  42  40
2273 2834  34  42  40
2266 2805  34  42  40
2261 2779  34  42  40
2256 2755  36  42  41
2253 2739  37  42  41
2252 2730  38  42  39
2251 2727  38  42  38
2253 2729  41  42  38
2254 2735  40  42  38
2257 2748  42  42  38
2261 2764  43  42  38
2267 2780  43  42  38
2271 2792  41  42  38
2274 2802  42  42  38
2276 2806  43  41  38
2277 2807  41  40  38
2279 2808  40  40  38
2279 2808  39  40  38
2281 2804  39  39  38
2281 2802  36  39  38
2283 2801  38  39  38
2283 2796  36  39  38
2284 2794  37  39  38
2282 2791  38  39  38
2282 2788  38  39  38
2281 2785  39  39  38
2280 2783  39  39  38
2279 2780  39  39  38
2277 2777  39  39  38
2275 2774  39  39  39
2274 2769  39  39  39
2272 2765  39  39  38
2272 2757  36  39  38
2272 2750  35  39  37
2272 2743  34  39  37
2273 2737  32  39  38
2275 2732  30  41  38
2280 2732  30  42  38
2284 2735  29  42  38
2289 2741  29  42  37
2295 2750  29  43  37
2299 2760  29  43  37
2301 2769  29  43  37
2302 2779  29  43  37
2303 2785  29  44  37
2302 2790  31  42  37
2302 2794  33  42  37
2301 2794  33  42  37
2299 2796  33  41  37
2298 2794  34  41  37
2297 2792  31  41  37
2295 2785  30  41  37
2294 2777  27  40  37
2293 2766  26  40  37
2293 2757  25  40  37
2296 2750  22  40  37
2300 2744  20  41  37
2308 2741  20  40  37
2318 2748  19  40  37
2331 2762  19  40  37
2347 2781  19  40  37
2362 2807  19  40  38
2376 2832  19  38  39
2388 2863  19  38  39
2397 2890  22  38  39
2403 2915  23  38  38
2407 2932  26  38  38
2408 2943  27  38  40
2409 2952  31  38  40
2409 2954  35  38  40
2408 2955  34  38  40
2405 2948  34  38  41
2404 2938  36  38  40
2403 2917  35  38  40
2400 2890  37  38  40
2397 2858  35  38  40
2393 2825  37  38  40
2390 2795  38  38  40
2386 2761  36  38  40
2386 2729  32  38  40
2384 2705  31  38  40
2384 2690  27  38  40
2384 2682  26  38  38
2383 2679  22  38  38
2376 2677  21  38  38
2365 2677  20  38  39
2345 2676  19  40  38
2317 2670  19  40  38
2288 2662  19  40  38
2251 2649  19  42  36
2206 2635  19  41  36
2160 2623  19  41  36
2119 2608  19  42  36
2084 2594  19  42  36
2056 2580  22  42  35
2037 2570  25  42  35
2031 2566  30  42  35
2037 2567  29  42  35
2058 2569  29  42  35
2090 2576  29  41  35
2136 2583  31  41  35
2193 2591  33  41  35
2253 2596  31  39  35
2313 2603  27  39  35
2367 2606  18  39  35
% 
