% .SEGMENT LETTER ? ? "0"
% 
% .PEN_DOWN
1581 2918  13  47  40
1579 2913  16  48  39
1579 2913  20  48  39
1578 2913  24  48  39
1578 2917  27  47  40
1580 2926  28  47  39
1584 2940  31  45  39
1592 2956  32  45  40
1601 2973  33  46  40
1607 2988  33  45  40
1614 2999  34  45  40
1618 3007  36  45  40
1622 3013  37  45  40
1623 3014  38  45  40
1624 3015  38  43  40
1624 3015  39  43  40
1622 3015  39  44  40
1621 3011  39  44  40
1620 3004  39  44  40
1619 2997  39  44  38
1618 2988  41  44  38
1619 2976  40  44  38
1620 2964  39  45  39
1624 2951  39  45  39
1631 2943  39  45  39
1639 2938  39  45  39
1646 2938  39  45  38
1654 2941  39  45  38
1661 2951  41  45  38
1668 2964  43  46  39
1675 2979  43  47  39
1680 2993  43  47  39
1683 3004  44  46  39
1684 3013  46  46  39
1683 3018  47  44  39
1681 3019  48  44  39
1678 3016  48  47  39
1675 3010  48  47  39
1671 2998  48  47  38
1666 2979  48  47  38
1662 2953  48  47  38
1656 2917  51  46  39
1648 2885  52  47  39
1640 2848  53  47  39
1632 2815  53  46  39
1625 2786  53  46  38
1618 2762  53  47  37
1614 2747  53  47  37
1612 2738  53  44  37
1610 2736  53  44  37
1608 2740  53  44  37
1604 2748  53  43  35
1601 2758  53  43  35
1597 2766  54  43  34
1591 2775  54  45  34
1586 2785  54  45  34
1583 2790  54  45  34
1580 2794  54  45  34
1578 2799  54  45  34
1577 2802  54  45  34
1576 2803  51  45  34
1577 2806  50  45  34
1582 2806  49  47  34
1589 2808  46  47  34
1599 2809  45  48  34
1610 2812  44  48  34
1626 2817  44  48  34
1642 2827  44  48  34
1658 2838  44  46  34
1674 2852  41  46  35
1690 2873  40  47  37
1706 2901  42  47  37
1721 2928  40  46  37
1731 2952  40  46  37
1737 2971  39  46  37
1740 2984  41  46  37
1738 2994  43  45  37
1735 2996  43  45  37
1730 2997  43  47  37
1721 2990  44  45  39
1711 2978  46  45  39
1702 2959  47  45  38
1691 2931  48  45  38
1683 2897  48  45  38
1675 2866  48  45  38
1670 2832  48  45  38
1667 2806  48  45  38
1666 2781  48  45  38
1665 2763  48  45  38
1669 2750  48  46  36
1674 2748  48  46  36
1682 2753  48  46  35
1691 2767  49  46  35
1700 2782  49  45  35
1705 2797  49  45  35
1710 2813  46  45  35
1710 2825  45  44  35
1708 2834  42  44  35
1703 2839  38  44  34
1698 2841  33  44  34
1692 2840  26  45  34
1689 2835  20  45  34
1687 2829  12  46  34
% 
% .PEN_UP
1686 2821   0  46  34
1690 2816   0  45  34
1694 2816   0  45  34
1705 2819   0  46  34
1714 2826   0  46  34
1725 2837   0  44  37
1740 2851   0  44  37
1756 2861   0  46  37
1769 2871   0  46  39
1783 2877   0  46  36
1792 2883   0  46  36
1803 2887   0  46  36
1813 2882   0  46  38
1819 2871   0  50  38
1823 2861   0  50  36
1825 2845   0  52  36
1827 2832   0  52  36
1830 2823   0  52  36
1835 2818   0  52  36
1837 2818   0  50  36
1840 2819   0  50  36
1844 2822   0  48  36
1845 2823   0  48  36
1847 2827   0  48  36
1849 2834   0  48  37
1850 2842   0  46  37
1849 2851   0  46  37
% 
% .PEN_DOWN
1847 2857  22  45  37
1846 2864  28  45  37
1846 2867  33  44  37
1844 2871  36  44  39
1844 2871  37  44  38
1843 2865  38  44  38
1843 2855  38  43  38
1841 2840  39  43  38
1838 2824  39  43  38
1836 2807  39  43  38
1831 2789  39  43  38
1828 2769  39  43  38
1825 2751  41  45  38
1822 2739  45  45  38
1820 2731  49  45  38
1819 2734  51  45  36
1817 2746  52  45  36
1815 2762  53  45  36
1813 2782  53  45  36
1810 2806  53  45  36
1806 2831  51  45  41
1801 2857  52  45  40
1796 2882  53  45  40
1793 2902  51  45  41
1791 2915  50  45  42
1790 2924  49  45  39
1790 2930  51  45  39
1791 2935  52  45  42
1796 2938  50  45  42
1805 2941  52  45  41
1814 2940  50  45  41
1825 2939  49  45  43
1839 2938  49  44  43
1853 2932  49  44  41
1868 2930  46  43  41
1882 2926  40  43  41
1893 2922  32  43  41
1902 2916  21  43  42
1909 2912  10  43  42
% 
% .PEN_UP
1913 2908   0  43  41
1914 2903   0  42  41
1910 2895   0  42  41
1902 2886   0  43  41
1893 2873   0  43  39
1883 2860   0  45  39
1872 2843   0  45  39
1862 2827   0  45  39
1853 2809   0  45  39
1847 2790   0  46  39
1841 2775   0  44  38
1836 2764   0  44  38
% 
% .PEN_DOWN
1833 2754  13  44  38
1834 2747  16  44  38
1838 2743  18  44  38
1844 2745  21  44  38
1853 2749  22  43  38
1861 2756  26  43  38
1872 2764  30  43  37
1882 2773  34  43  37
1889 2783  34  43  37
1897 2793  36  43  37
1901 2803  38  43  37
1902 2810  38  43  37
1900 2819  38  43  37
1899 2826  39  43  37
1897 2830  41  43  37
1894 2831  42  45  37
1890 2833  43  43  37
1886 2833  43  43  37
1880 2827  44  43  37
1875 2817  44  46  39
1869 2805  44  46  37
1865 2792  44  47  37
1863 2780  44  47  39
1863 2767  41  47  39
1866 2758  40  46  40
1871 2749  42  46  40
1878 2744  43  46  39
1891 2747  43  44  39
1903 2755  44  44  40
1915 2765  44  45  40
1925 2776  44  45  40
1933 2785  44  45  40
1939 2793  44  45  40
1942 2796  46  45  40
1945 2798  47  45  40
1946 2796  48  45  40
1947 2792  51  45  40
1947 2785  52  45  40
1946 2775  53  45  41
1945 2765  51  45  41
1941 2753  52  45  41
1941 2744  53  45  41
1939 2739  53  45  39
1939 2735  51  45  39
1940 2736  52  45  41
1941 2739  53  45  41
1945 2749  53  45  41
1951 2761  53  45  39
1957 2771  53  45  39
1962 2776  51  45  39
1965 2778  50  42  39
1967 2779  49  45  39
1970 2778  49  45  38
1973 2769  46  42  38
1974 2764  40  42  38
1975 2758  32  42  38
1977 2753  23  42  38
% 
% .PEN_UP
1979 2749   0  43  38
1984 2749   0  43  38
1988 2754   0  42  38
1993 2760   0  40  38
1998 2769   0  40  38
2007 2781   0  40  38
2022 2796   0  41  38
2039 2814   0  35  38
2056 2830   0  35  38
2074 2849   0  35  36
2094 2867   0  35  36
2111 2885   0  35  38
2127 2897   0  43  38
2144 2905   0  43  38
2154 2910   0  44  38
2162 2909   0  44  39
2170 2903   0  44  39
2173 2896   0  44  39
2172 2885   0  45  38
2168 2873   0  45  38
2163 2867   0  44  38
2159 2861   0  44  38
2156 2858   0  45  38
2150 2857   0  45  38
2144 2855   0  45  38
2135 2854   0  45  38
2126 2855   0  45  38
2118 2855   0  45  36
2110 2849   0  45  36
2101 2845   0  42  38
2094 2843   0  42  38
2089 2839   0  42  38
2086 2838   0  43  38
2083 2838   0  43  36
2084 2833   0  41  36
2084 2831   0  41  36
2085 2826   0  40  36
2085 2822   0  40  36
2083 2819   0  41  36
2083 2814   0  41  36
2082 2812   0  40  36
2080 2811   0  40  36
2079 2806   0  41  36
2076 2804   0  41  36
2076 2803   0  42  36
2076 2799   0  42  36
2077 2797   0  42  36
2076 2795   0  42  36
2072 2793   0  43  37
2071 2790   0  43  37
2067 2786   0  44  37
2064 2782   0  44  39
2062 2772   0  44  39
2057 2764   0  44  39
2053 2753   0  44  40
2049 2743   0  44  40
2045 2732   0  43  40
2042 2723   0  43  40
2040 2718   0  44  40
% 
% .PEN_DOWN
2038 2716   9  44  39
2038 2717  12  45  39
2041 2723  15  45  39
2046 2735  20  44  39
2055 2754  24  44  38
2065 2775  27  44  38
2079 2804  30  44  38
2093 2830  32  44  38
2105 2861  35  44  39
2115 2886  37  44  39
2120 2905  40  44  39
2124 2921  44  44  40
2126 2932  46  44  40
2127 2939  50  44  40
2128 2943  52  44  41
2128 2946  53  44  41
2129 2948  53  44  41
2128 2949  53  44  41
2128 2950  53  44  39
2127 2951  53  44  39
2125 2950  53  44  40
2124 2951  53  44  40
2123 2947  53  44  41
2122 2941  53  44  40
2122 2934  53  44  41
2122 2927  54  44  41
2124 2920  54  44  40
2125 2913  54  44  40
2127 2906  54  43  41
2131 2901  54  43  41
2134 2898  54  43  42
2138 2898  51  45  40
2141 2904  50  45  42
2145 2914  49  46  42
2149 2928  49  46  40
2151 2944  49  44  40
2152 2959  51  45  40
2151 2973  52  45  40
2148 2981  53  45  40
2141 2988  53  44  40
2135 2996  53  44  40
2127 3001  53  44  40
2119 3002  53  44  40
2111 2999  53  44  40
2103 2995  53  44  40
2095 2985  53  44  40
2087 2972  53  45  40
2081 2955  53  45  40
2076 2935  54  45  39
2072 2914  54  43  39
2071 2894  56  43  40
2073 2878  55  43  40
2077 2866  54  43  39
2084 2859  54  43  38
2091 2856  54  43  38
2097 2853  54  43  38
2101 2852  54  43  38
2104 2853  54  43  38
2104 2851  54  43  36
2101 2851  54  43  36
2097 2849  54  43  37
2088 2847  54  44  37
2078 2838  54  44  37
2067 2827  54  45  37
2057 2814  54  45  37
2048 2803  54  45  37
2042 2791  54  44  38
2038 2780  54  44  38
2036 2768  51  44  38
2037 2758  50  44  38
2042 2748  52  44  38
2049 2739  50  45  38
2057 2731  49  45  38
2065 2725  51  44  38
2073 2722  50  44  38
2081 2721  49  44  38
2089 2725  44  44  38
2095 2730  34  44  38
2102 2741  24  44  38
2109 2753  12  44  38
% 
% .PEN_UP
2118 2767   0  46  39
2125 2777   0  46  39
2133 2789   0  46  39
2139 2796   0  44  39
2144 2800   0  44  39
2147 2800   0  44  39
% 
% .PEN_DOWN
2147 2801  10  44  39
2147 2801  20  44  39
2147 2800  27  43  39
2145 2796  35  43  39
2143 2793  42  43  39
2140 2787  48  43  39
2137 2780  48  43  38
2133 2772  51  43  38
2131 2762  52  43  38
2129 2750  53  43  38
2127 2741  51  43  38
2126 2733  45  43  38
2127 2728  32  43  38
2130 2730  21  43  38
% 
% .PEN_UP
2134 2739   0  46  40
2140 2755   0  43  40
2144 2774   0  43  40
2147 2794   0  46  40
2149 2813   0  46  40
2152 2832   0  49  39
2154 2846   0  49  39
2155 2862   0  48  39
2158 2870   0  48  38
2161 2873   0  47  38
2162 2873   0  45  39
2161 2873   0  45  39
% 
% .PEN_DOWN
2157 2870  15  45  40
2154 2868  17  44  40
2153 2866  18  44  39
2153 2863  14  44  39
2155 2860   9  43  40
% 
% .PEN_UP
2159 2859   0  43  40
2165 2858   0  43  39
2172 2859   0  43  39
2179 2861   0  43  36
2186 2865   0  42  37
2195 2875   0  42  37
2205 2882   0  43  37
2214 2897   0  43  35
2223 2904   0  42  35
2233 2906   0  42  37
2244 2907   0  42  37
2258 2917   0  42  37
2269 2921   0  42  37
2280 2919   0  44  37
2286 2909   0  44  37
2292 2897   0  44  38
2295 2884   0  44  38
2294 2869   0  44  36
2292 2861   0  45  36
2291 2853   0  45  35
2288 2847   0  45  35
2286 2842   0  45  35
2281 2840   0  45  35
2275 2838   0  45  35
2268 2836   0  45  35
2259 2835   0  45  35
2247 2833   0  43  35
2238 2833   0  43  35
2229 2832   0  43  35
2222 2831   0  43  35
2215 2832   0  45  35
2209 2830   0  45  35
2205 2829   0  45  35
2201 2826   0  45  35
2196 2822   0  46  35
2192 2816   0  46  35
2187 2809   0  45  35
2184 2799   0  45  35
2181 2790   0  45  36
2180 2778   0  45  36
2180 2771   0  45  36
2180 2769   0  45  37
% 
% .PEN_DOWN
2182 2769   3  45  37
2186 2775   6  45  37
2194 2786  10  46  37
2205 2804  15  44  37
2220 2827  17  44  37
2234 2855  20  44  37
2246 2888  22  44  37
2257 2922  26  44  39
2266 2951  27  44  39
2272 2972  31  44  39
2275 2986  35  44  39
2278 2994  37  44  39
2278 2999  40  44  39
2278 3001  42  44  39
2276 3000  43  44  39
2273 2993  43  44  39
2268 2978  44  44  39
2264 2959  44  44  42
2258 2933  44  44  42
2250 2901  44  44  41
2243 2867  44  44  41
2236 2834  44  44  41
2229 2805  44  44  41
2223 2781  44  44  41
2219 2763  44  45  41
2219 2752  44  45  39
2221 2745  46  44  39
2223 2745  47  43  38
2227 2749  48  43  38
2230 2761  46  43  39
2236 2776  47  43  39
2243 2795  45  43  39
2249 2811  45  43  39
2254 2822  44  43  39
2259 2833  44  43  38
2261 2839  44  43  39
2261 2844  44  43  39
2262 2844  44  43  38
2263 2845  44  43  38
2263 2843  41  43  38
2262 2840  43  43  38
2262 2837  41  43  38
2264 2835  42  43  38
2264 2832  43  43  38
2264 2831  41  43  38
2263 2827  40  43  38
2262 2826  39  43  38
2259 2820  39  43  38
2257 2816  39  43  38
2254 2812  39  43  38
2251 2807  39  43  38
2247 2799  39  43  38
2246 2790  39  43  38
2244 2781  39  43  37
2244 2774  39  43  37
2245 2768  39  43  37
2248 2765  39  43  37
2251 2764  39  43  37
2256 2767  39  43  37
2261 2776  39  43  37
2265 2784  39  43  37
2269 2793  39  43  37
2273 2803  39  43  37
2274 2811  39  43  37
2275 2816  39  43  37
2273 2820  39  43  37
2272 2822  41  43  37
2270 2821  43  43  37
2266 2819  43  43  37
2261 2813  43  43  37
2260 2807  44  43  37
2257 2798  44  43  37
2255 2790  44  43  37
2257 2782  44  43  37
2259 2775  41  43  37
2264 2769  40  43  37
2271 2767  37  43  37
2279 2766  35  43  37
2291 2771  32  43  37
2305 2782  31  43  37
2319 2795  30  42  37
2335 2813  27  42  37
2349 2832  23  41  39
2359 2854  23  41  39
2366 2877  21  41  39
2370 2897  20  41  39
2372 2914  22  40  39
2371 2927  23  40  40
2370 2934  26  40  40
2370 2938  28  40  41
2369 2940  28  42  41
2367 2940  29  42  41
2365 2934  29  42  42
2362 2927  29  42  42
2361 2918  29  43  42
2359 2908  31  41  41
2358 2896  30  43  41
2358 2886  30  43  39
2360 2876  27  41  39
2362 2867  25  41  38
2364 2859  22  41  38
2366 2850  18  41  37
2367 2842  16  41  37
2369 2832  13  41  37
2368 2818  13  42  37
2366 2808  11  42  37
2361 2797  10  41  37
2356 2784  10  42  37
2353 2774  10  42  37
2348 2765   9  42  37
2345 2759   7  40  37
2341 2753   6  40  37
2338 2749   3  41  38
% 
% .PEN_UP
2335 2744   0  41  38
2331 2740   0  43  38
2325 2733   0  43  38
2316 2725   0  44  38
2304 2714   0  44  39
2289 2703   0  44  39
2267 2690   0  44  39
2240 2679   0  44  39
2203 2668   0  44  38
% 
% .PEN_DOWN
2163 2659   2  44  38
2122 2655   6  44  38
2079 2650  10  46  38
2040 2644  14  46  38
2012 2640  19  46  38
1994 2634  24  46  38
1985 2630  27  46  38
1986 2626  28  46  38
2002 2621  28  45  38
2034 2620  29  45  38
2075 2624  29  45  38
2124 2629  29  45  36
2182 2633  29  40  36
2237 2646  29  40  35
2296 2657  29  40  35
2351 2668  29  40  38
2396 2677  29  40  38
2433 2677  24  40  38
2458 2672  12  38  38
% 
