% .SEGMENT LETTER ? ? "0"
% 
% .PEN_DOWN
1616 2913   2  45  42
1615 2909   6  45  40
1614 2906  10  45  40
1611 2903  12  45  40
1611 2904  18  45  40
1611 2906  24  45  40
1612 2909  26  45  40
1614 2919  28  45  39
1617 2933  28  43  39
1619 2947  29  44  40
1624 2959  29  44  40
1627 2969  29  44  39
1629 2973  29  44  39
1630 2977  31  44  39
1630 2977  30  44  39
1630 2978  32  44  39
1630 2978  33  44  39
1630 2975  33  44  39
1629 2970  34  44  39
1626 2964  34  45  40
1627 2954  34  45  40
1628 2942  34  45  39
1629 2931  34  45  39
1633 2920  34  45  38
1639 2913  34  45  38
1646 2907  31  45  37
1654 2908  33  45  39
1663 2916  31  45  36
1674 2933  30  45  36
1687 2954  29  45  39
1696 2973  29  46  39
1702 2989  29  46  39
1707 3001  31  45  39
1710 3007  35  45  39
1709 3010  37  45  39
1707 3010  38  44  39
1704 3007  41  44  39
1699 3000  40  44  39
1693 2984  39  46  38
1687 2962  39  46  38
1679 2930  39  46  38
1671 2891  39  46  38
1663 2850  39  46  38
1654 2811  39  46  38
1646 2773  41  46  38
1638 2737  40  46  38
1632 2711  42  46  38
1630 2697  43  46  35
1629 2691  41  46  35
1629 2696  42  46  37
1628 2710  43  46  37
1628 2727  41  46  36
1628 2747  42  46  37
1625 2764  43  46  37
1620 2781  41  46  37
1615 2790  40  46  37
1612 2794  39  46  37
1609 2796  42  45  37
1608 2797  43  45  37
1607 2798  41  45  37
1607 2798  40  45  37
1607 2796  39  45  37
1610 2795  39  45  37
1616 2792  36  45  37
1625 2792  38  44  37
1636 2789  38  44  37
1650 2789  38  44  37
1665 2790  39  44  37
1682 2798  39  45  37
1703 2812  39  43  37
1726 2832  39  45  37
1749 2860  39  45  37
1767 2893  39  43  37
1781 2923  39  43  37
1790 2946  39  43  37
1793 2964  41  43  37
1795 2974  43  43  37
1792 2980  43  43  37
1785 2985  46  43  37
1779 2986  47  44  37
1771 2982  48  44  37
1760 2970  48  44  37
1745 2948  48  44  37
1732 2916  48  45  36
1719 2883  48  45  36
1709 2847  48  45  36
1700 2813  48  44  36
1694 2783  48  44  36
1692 2754  48  46  35
1691 2724  48  46  35
1696 2708  49  47  35
1703 2701  49  47  34
1713 2704  49  46  34
1726 2722  49  44  34
1737 2745  49  44  34
1747 2766  46  44  36
1752 2786  45  44  36
1753 2800  44  44  36
1752 2813  44  42  37
1749 2821  44  42  37
1743 2825  41  45  37
1738 2827  38  45  37
1733 2824  33  46  37
1730 2815  26  46  37
1730 2803  18  46  37
1732 2794  11  46  37
% 
% .PEN_UP
1739 2786   0  45  37
1747 2782   0  43  37
1759 2784   0  43  37
1771 2788   0  43  37
1783 2794   0  43  37
1798 2803   0  43  37
1811 2805   0  43  37
1822 2812   0  43  37
1831 2816   0  46  37
1839 2816   0  46  37
1843 2812   0  43  37
1847 2811   0  46  37
1849 2808   0  46  37
1850 2806   0  46  37
1851 2807   0  46  37
1851 2811   0  46  37
1852 2820   0  46  36
1852 2829   0  46  36
1852 2837   0  44  36
% 
% .PEN_DOWN
1849 2843  19  44  38
1846 2851  24  44  38
1844 2857  29  44  38
1844 2858  34  42  37
1843 2857  36  42  37
1841 2855  38  41  37
1841 2845  38  41  37
1839 2832  38  43  37
1836 2816  41  43  37
1832 2797  40  43  37
1827 2779  39  43  37
1823 2760  42  43  38
1820 2742  40  43  38
1816 2729  42  43  38
1814 2724  43  43  38
1814 2722  46  43  38
1813 2728  50  43  36
1813 2740  52  43  36
1811 2761  53  43  34
1808 2785  53  43  34
1804 2811  51  43  34
1799 2837  50  43  34
1795 2865  49  43  37
1789 2888  49  43  37
1786 2904  49  43  38
1784 2913  49  43  40
1784 2917  49  43  40
1784 2920  49  43  40
1786 2922  49  43  41
1792 2921  49  43  41
1801 2923  49  43  40
1813 2921  49  43  40
1826 2916  49  43  39
1842 2912  44  43  39
1858 2910  39  43  39
1872 2903  31  44  39
1886 2899  23  44  41
1898 2894  14  44  38
% 
% .PEN_UP
1906 2890   0  44  38
1911 2887   0  44  38
1910 2883   0  44  39
1905 2878   0  45  39
1896 2871   0  43  38
1887 2861   0  43  38
1875 2848   0  43  38
1860 2833   0  43  38
1848 2819   0  43  38
1836 2799   0  47  38
1829 2782   0  48  38
1823 2761   0  48  38
1820 2746   0  48  38
1819 2738   0  46  38
% 
% .PEN_DOWN
1819 2730  18  46  38
1822 2725  18  46  38
1827 2723  19  46  38
1835 2724  21  45  38
1846 2729  25  45  38
1858 2738  27  45  38
1871 2750  28  45  38
1882 2762  31  44  38
1891 2773  32  44  38
1896 2783  33  44  38
1900 2793  33  44  38
1902 2798  34  42  38
1902 2804  36  42  38
1900 2807  37  43  38
1896 2811  38  43  38
1892 2811  38  43  38
1885 2809  39  43  38
1880 2808  39  43  38
1875 2803  39  43  38
1869 2796  39  44  38
1865 2787  39  44  38
1861 2776  39  43  37
1859 2765  39  43  37
1858 2753  39  44  37
1861 2743  39  44  37
1867 2735  39  44  37
1873 2730  36  43  40
1881 2732  38  43  40
1892 2738  36  43  39
1904 2749  37  44  39
1916 2761  38  44  36
1925 2770  38  43  36
1930 2777  39  43  36
1933 2780  39  43  36
1935 2783  41  43  36
1936 2784  42  43  36
1935 2780  43  43  36
1936 2773  46  43  36
1936 2766  47  43  36
1935 2757  48  43  37
1934 2746  48  43  37
1932 2734  48  43  37
1930 2726  51  43  37
1930 2718  50  41  37
1930 2717  52  41  38
1931 2719  50  41  38
1933 2727  49  41  38
1938 2739  49  41  38
1945 2753  49  41  35
1951 2762  49  41  36
1955 2771  51  41  36
1956 2774  50  41  36
1957 2774  49  41  36
1959 2774  49  41  36
1959 2771  46  41  36
1958 2765  45  41  36
1959 2756  44  41  36
1960 2750  39  41  36
1959 2745  32  41  37
1960 2742  20  41  39
% 
% .PEN_UP
1962 2741   0  41  39
1967 2748   0  41  39
1975 2758   0  41  41
1986 2773   0  43  41
1997 2791   0  43  41
2010 2810   0  45  40
2028 2831   0  45  40
2048 2853   0  43  40
2069 2874   0  43  39
2090 2891   0  43  43
2105 2907   0  43  43
2118 2914   0  43  43
2130 2913   0  43  42
2139 2906   0  46  42
2143 2896   0  47  41
2145 2883   0  47  41
2144 2868   0  47  39
2142 2860   0  48  39
2137 2851   0  45  41
2133 2843   0  45  41
2127 2838   0  45  40
2120 2832   0  45  40
2114 2827   0  45  37
2108 2821   0  45  37
2102 2816   0  45  37
2097 2809   0  45  37
2092 2807   0  45  37
2087 2805   0  45  37
2082 2800   0  46  37
2077 2800   0  46  37
2073 2796   0  46  37
2069 2791   0  44  37
2066 2787   0  44  37
2063 2783   0  43  37
2061 2780   0  42  37
2058 2779   0  42  37
2057 2778   0  42  37
2056 2776   0  42  37
2056 2776   0  42  37
2056 2776   0  43  37
2055 2775   0  44  37
2054 2775   0  44  37
2052 2774   0  44  37
2049 2773   0  44  37
2046 2772   0  44  40
2043 2770   0  44  39
2040 2766   0  44  39
2037 2766   0  44  39
2032 2764   0  44  38
2029 2761   0  43  38
2026 2755   0  44  38
2022 2752   0  44  38
2020 2745   0  44  40
2017 2738   0  43  40
2014 2727   0  43  40
2009 2717   0  43  39
2008 2703   0  43  39
2006 2690   0  46  39
2004 2681   0  46  40
2002 2676   0  47  40
% 
% .PEN_DOWN
2002 2675  19  47  40
2004 2680  22  47  40
2009 2693  23  47  39
2018 2717  23  44  39
2031 2746  26  44  39
2048 2778  28  44  39
2067 2806  31  44  39
2085 2838  35  44  39
2099 2867  37  44  39
2109 2888  38  44  39
2115 2905  41  44  39
2120 2916  42  44  39
2124 2923  45  44  38
2125 2927  49  43  38
2126 2929  49  43  40
2127 2930  51  43  40
2126 2931  55  43  39
2125 2932  57  43  41
2124 2931  58  43  40
2125 2931  58  43  40
2123 2932  58  43  41
2124 2934  56  43  41
2123 2933  57  43  41
2123 2932  58  43  41
2123 2932  56  43  41
2124 2932  55  43  41
2124 2932  54  43  41
2122 2933  54  43  41
2122 2933  54  43  41
2123 2932  54  43  41
2121 2935  54  43  41
2122 2933  54  43  41
2122 2932  54  43  41
2121 2932  54  43  41
2122 2931  54  43  41
2122 2931  54  43  41
2121 2932  54  43  41
2121 2932  54  43  41
2121 2932  54  43  41
2120 2932  54  43  41
2122 2931  54  43  41
2122 2932  54  43  41
2122 2932  54  43  41
2122 2931  54  43  41
2123 2929  54  43  41
2121 2930  54  43  41
2122 2927  54  43  41
2121 2926  56  43  42
2122 2918  57  43  42
2121 2914  55  43  42
2122 2907  57  43  42
2123 2903  58  43  42
2125 2900  58  43  42
2127 2899  58  43  42
2128 2899  58  43  40
2131 2903  56  43  40
2135 2913  57  43  42
2138 2924  58  44  40
2142 2939  56  44  40
2145 2953  55  44  40
2146 2965  54  44  40
2145 2975  56  44  40
2142 2984  55  44  40
2137 2993  54  44  40
2130 2999  54  44  40
2120 3004  54  44  40
2111 3005  54  44  40
2101 3005  54  44  40
2090 2999  54  44  40
2080 2991  54  44  40
2072 2983  54  44  40
2064 2970  51  44  40
2058 2957  50  44  40
2057 2941  49  43  40
2055 2926  46  43  39
2059 2909  45  43  39
2065 2892  44  44  39
2072 2873  42  44  39
2080 2861  43  44  38
2088 2852  43  44  38
2093 2845  43  44  38
2094 2845  44  44  38
2097 2843  44  44  38
2098 2843  49  44  37
2096 2846  51  44  38
2092 2850  52  44  38
2087 2852  53  44  37
2078 2853  53  43  37
2069 2852  53  43  39
2057 2848  56  43  39
2046 2838  57  43  38
2037 2825  55  44  38
2029 2811  57  44  38
2025 2798  55  45  38
2022 2785  54  45  38
2022 2771  54  44  38
2025 2755  56  44  37
2032 2738  57  45  37
2041 2723  55  44  36
2050 2714  50  44  36
2062 2708  44  44  35
2074 2709  37  43  35
2085 2719  28  43  35
2098 2735  16  43  35
% 
% .PEN_UP
2109 2755   0  43  34
2119 2772   0  43  34
2125 2790   0  43  34
2133 2801   0  45  34
2137 2804   0  45  34
2139 2806   0  44  34
2138 2805   0  44  34
% 
% .PEN_DOWN
2137 2802  19  46  34
2135 2798  26  46  34
2133 2795  33  44  34
2130 2789  38  43  34
2128 2783  43  44  34
2126 2776  44  44  34
2121 2768  44  43  34
2119 2757  46  43  37
2118 2750  45  43  37
2118 2745  39  43  37
2118 2741  32  43  37
2119 2741  20  43  37
% 
% .PEN_UP
2121 2748   0  43  37
2125 2761   0  43  37
2129 2777   0  46  37
2131 2800   0  46  37
2135 2824   0  46  37
2139 2849   0  44  36
2144 2872   0  44  36
2149 2890   0  44  38
2154 2901   0  46  38
2156 2904   0  46  37
2157 2902   0  46  37
2156 2898   0  46  38
% 
% .PEN_DOWN
2152 2896  25  43  38
2150 2891  29  43  39
2148 2884  29  42  39
2147 2875  29  42  39
2146 2866  27  43  39
2147 2857  20  43  38
2150 2849  12  44  38
% 
% .PEN_UP
2156 2845   0  43  38
2164 2845   0  43  38
2173 2847   0  43  38
2180 2853   0  41  38
2192 2857   0  41  38
2203 2863   0  39  38
2214 2871   0  39  38
2223 2870   0  41  38
2231 2866   0  41  38
2232 2858   0  41  36
2231 2850   0  41  36
2227 2835   0  41  36
2222 2821   0  41  36
2215 2804   0  42  36
2204 2789   0  44  36
2193 2771   0  44  36
2181 2751   0  44  37
2169 2732   0  44  37
2160 2718   0  43  39
2156 2705   0  43  39
2157 2704   0  43  39
2157 2707   0  44  39
2156 2717   0  44  39
% 
% .PEN_DOWN
2158 2730  17  45  39
2164 2750  18  43  38
2173 2775  21  43  38
2185 2803  22  43  38
2198 2832  23  42  38
2211 2864  26  41  38
2222 2893  28  41  38
2230 2918  31  41  40
2237 2936  32  41  40
2240 2948  35  41  42
2241 2954  37  41  39
2242 2956  38  41  39
2243 2957  41  41  39
2243 2956  42  41  38
2242 2952  43  41  38
2240 2942  43  42  39
2237 2926  44  42  39
2231 2904  44  42  39
2226 2875  44  42  39
2220 2842  44  42  38
2212 2810  44  41  38
2203 2783  44  41  38
2198 2755  44  42  38
2195 2736  44  42  40
2193 2723  44  43  41
2194 2716  44  43  41
2194 2717  44  45  41
2198 2721  44  45  41
2202 2732  46  44  41
2208 2749  47  42  41
2213 2769  48  42  41
2218 2787  46  42  41
2224 2796  47  43  41
2227 2804  48  43  41
2230 2809  48  41  41
2232 2810  46  41  41
2233 2814  42  43  41
2235 2812  41  43  41
2237 2809  40  42  41
2239 2805  42  42  41
2241 2803  40  42  41
2245 2801  42  42  41
2246 2798  40  42  41
2247 2796  40  42  41
2245 2797  42  42  41
2247 2797  45  42  41
2244 2796  47  42  41
2242 2792  48  42  41
2239 2788  48  42  41
2233 2785  48  42  41
2230 2781  48  40  41
2227 2775  48  40  41
2223 2766  48  41  41
2222 2760  48  41  39
2221 2752  48  41  39
2221 2745  46  41  38
2224 2740  45  41  38
2228 2737  42  41  38
2234 2736  40  40  38
2240 2741  40  40  38
2245 2747  39  40  38
2250 2754  39  40  37
2253 2763  39  40  37
2255 2771  41  40  38
2255 2778  43  40  38
2254 2783  41  40  38
2254 2788  42  40  38
2253 2790  43  40  38
2250 2789  41  40  38
2249 2790  42  40  38
2247 2789  41  40  38
2245 2783  37  40  38
2243 2780  35  40  38
2242 2774  32  40  38
2242 2765  31  40  40
2244 2754  27  40  40
2245 2745  26  40  40
2249 2736  22  40  38
2253 2732  21  40  38
2261 2733  20  40  38
2270 2740  19  40  38
2281 2754  19  40  40
2294 2776  19  40  40
2308 2802  19  39  40
2322 2828  19  39  40
2332 2856  19  39  39
2340 2879  22  39  39
2345 2896  25  39  37
2346 2907  30  38  38
2348 2916  32  38  38
2347 2917  35  39  38
2347 2917  37  39  38
2346 2915  38  38  38
2344 2906  38  38  38
2342 2894  39  38  38
2340 2877  39  38  37
2338 2859  39  39  37
2337 2839  36  39  38
2336 2820  33  39  38
2337 2804  28  39  38
2337 2786  24  39  38
2338 2772  21  39  39
2339 2758  18  41  39
2339 2745  16  41  38
2336 2731  15  40  38
2330 2714  12  41  38
2319 2697  13  41  38
2302 2677  14  41  37
2283 2658  14  43  37
2258 2635  14  43  38
2226 2618  14  43  38
2188 2603  14  43  38
2150 2593  14  44  38
2113 2588  14  46  38
2072 2590  14  43  38
2033 2591  14  43  38
2001 2593  17  46  38
1980 2593  23  46  38
1969 2593  28  46  38
1962 2594  31  46  38
1963 2595  32  46  38
1971 2598  33  46  38
1992 2602  33  46  38
2026 2609  34  44  38
2070 2619  34  44  38
2124 2628  34  44  36
2186 2638  36  41  36
2243 2650  37  41  37
2299 2654  38  39  37
2348 2650  38  39  37
2386 2648  39  39  37
2414 2645  39  39  37
2431 2639  39  38  37
2439 2636  39  38  38
2442 2636  41  37  36
2440 2638  42  37  36
2430 2641  43  37  36
2412 2644  41  38  37
2390 2652  37  37  37
2360 2658  33  37  39
2329 2665  31  38  39
2300 2664  28  38  40
2277 2661  26  38  40
2258 2652  22  38  39
2245 2645  23  38  39
2238 2640  21  38  38
2236 2637  13  38  38
% 
