% .PEN_DOWN
1538 2863  12  47  38
1536 2859  15  48  37
1536 2861  17  48  37
1538 2869  18  48  37
1543 2882  19  48  38
1551 2901  21  48  40
1563 2924  23  48  40
1573 2947  23  47  40
1584 2966  24  47  41
1593 2981  24  47  41
1598 2992  26  47  41
1602 2997  28  47  41
1605 3000  31  47  41
1605 3002  32  47  41
1606 3002  35  47  41
1605 3001  37  47  41
1604 2996  38  47  41
1602 2990  38  47  40
1601 2980  39  47  41
1600 2967  39  47  41
1597 2953  39  47  40
1598 2938  39  47  40
1600 2923  39  45  39
1604 2913  39  45  39
1611 2910  39  45  39
1621 2911  36  44  39
1630 2922  35  44  39
1638 2937  34  44  40
1646 2954  34  44  40
1653 2970  34  44  40
1656 2982  34  44  40
1658 2991  34  44  40
1659 2995  34  44  40
1659 2997  36  44  40
1657 2996  38  44  40
1654 2990  38  44  40
1649 2976  38  44  40
1643 2957  39  44  40
1635 2931  39  44  40
1625 2899  39  44  40
1615 2865  39  44  40
1603 2832  39  47  36
1592 2804  41  47  36
1584 2781  42  46  36
1578 2766  43  46  35
1577 2758  43  46  34
1575 2755  44  46  34
1575 2760  44  45  34
1574 2769  44  45  35
1573 2779  44  45  35
1571 2795  44  45  35
1570 2805  44  45  35
1568 2813  44  45  35
1567 2817  44  45  35
1567 2819  44  45  35
1566 2820  44  45  35
1565 2820  44  45  35
1565 2816  44  44  35
1567 2812  44  44  35
1570 2810  44  44  35
1575 2809  44  44  35
1584 2808  44  44  35
1597 2811  44  44  35
1611 2813  44  43  35
1627 2820  41  43  35
1643 2838  40  43  35
1657 2862  39  45  38
1673 2891  39  45  38
1687 2921  36  45  38
1697 2948  35  46  38
1703 2969  37  46  38
1706 2982  38  45  38
1707 2991  38  45  38
1703 2995  41  46  38
1697 2995  42  46  38
1690 2990  43  46  38
1682 2977  43  46  39
1674 2957  44  46  39
1665 2930  44  46  41
1656 2896  44  46  41
1647 2860  44  46  41
1640 2829  44  46  39
1635 2802  44  46  39
1634 2780  44  46  39
1636 2764  44  46  40
1641 2756  44  46  39
1649 2756  44  46  39
1657 2766  44  46  39
1666 2783  41  45  39
1674 2805  40  47  39
1680 2824  39  47  36
1684 2845  39  45  36
1684 2859  36  45  38
1680 2869  38  45  39
1676 2874  36  45  39
1672 2874  32  45  39
1670 2867  31  45  38
1666 2858  25  45  38
1664 2845  17  45  38
1664 2832   8  45  38
% 
% .PEN_UP
1666 2821   0  45  38
1669 2814   0  47  38
1676 2813   0  47  38
1687 2813   0  47  38
1698 2822   0  47  38
1715 2834   0  45  38
1729 2843   0  45  36
1744 2852   0  42  35
1761 2862   0  42  35
1778 2875   0  42  35
1793 2881   0  42  34
1802 2879   0  42  34
1807 2867   0  42  34
1809 2856   0  42  34
1812 2839   0  42  34
1809 2825   0  42  34
1807 2814   0  42  34
1808 2806   0  42  34
1805 2803   0  42  34
1803 2802   0  42  34
1801 2801   0  42  34
1798 2804   0  42  34
1795 2804   0  42  34
1793 2805   0  42  34
1788 2806   0  42  34
1786 2805   0  42  34
1783 2808   0  42  34
1783 2810   0  43  34
1783 2806   0  43  34
1783 2809   0  43  34
1787 2810   0  43  34
1790 2811   0  43  34
1794 2814   0  43  34
1796 2817   0  43  34
1801 2826   0  43  34
1806 2833   0  43  34
1810 2841   0  43  38
1812 2849   0  43  38
% 
% .PEN_DOWN
1813 2856  13  43  37
1813 2861  18  43  37
1813 2864  26  43  37
1813 2865  32  43  37
1812 2865  36  43  39
1812 2860  37  43  40
1810 2853  38  43  40
1806 2841  38  43  40
1802 2823  39  43  40
1798 2808  39  43  40
1792 2790  41  43  38
1786 2774  40  44  40
1783 2759  39  44  40
1780 2750  39  46  40
1778 2743  41  46  41
1777 2745  43  45  41
1774 2751  46  47  39
1773 2765  47  47  39
1773 2782  45  47  39
1773 2804  47  47  41
1774 2825  45  47  42
1773 2850  45  46  42
1774 2870  47  46  41
1772 2884  45  46  41
1771 2895  47  46  42
1770 2899  48  46  42
1770 2904  48  46  42
1774 2906  48  45  42
1779 2907  48  45  42
1787 2907  48  45  42
1795 2908  48  45  42
1808 2910  48  45  42
1819 2908  48  44  40
1830 2907  48  44  40
1841 2905  46  44  40
1851 2904  40  44  40
1860 2902  34  44  40
1866 2900  27  44  39
1871 2899  18  44  39
1872 2899  11  44  39
% 
% .PEN_UP
1871 2897   0  44  40
1865 2896   0  46  40
1855 2889   0  49  40
1844 2880   0  49  40
1833 2869   0  49  39
1823 2854   0  49  39
1813 2837   0  49  39
1804 2818   0  49  38
1796 2799   0  49  38
1790 2787   0  49  38
1784 2776   0  49  38
% 
% .PEN_DOWN
1781 2767  13  47  38
1782 2760  14  47  38
1787 2756  16  47  38
1793 2755  18  47  40
1802 2758  21  47  40
1810 2763  22  46  38
1819 2771  26  46  38
1830 2778  30  46  37
1839 2785  32  47  37
1846 2792  33  47  37
1851 2799  33  47  37
1853 2805  36  47  37
1853 2811  37  47  37
1852 2815  41  47  37
1849 2818  42  47  37
1846 2820  43  47  37
1841 2821  43  46  37
1836 2819  44  46  37
1833 2814  44  46  37
1829 2810  44  46  37
1824 2802  46  46  37
1823 2793  45  46  37
1821 2785  47  46  37
1820 2776  45  46  37
1823 2769  47  46  37
1827 2763  45  46  39
1834 2760  45  46  39
1841 2759  44  46  38
1851 2764  44  45  38
1862 2772  44  45  37
1873 2780  44  43  37
1882 2787  44  43  37
1888 2793  44  45  37
1893 2800  44  46  37
1894 2800  44  45  37
1895 2800  44  45  37
1896 2798  46  46  37
1895 2794  47  46  37
1895 2790  50  46  37
1893 2783  52  46  39
1889 2772  53  46  39
1887 2761  53  46  40
1884 2753  53  45  39
1883 2746  53  45  39
1883 2742  53  45  39
1885 2742  53  45  40
1889 2746  53  46  40
1895 2754  53  46  39
1901 2766  53  45  39
1907 2776  53  45  37
1913 2783  54  44  37
1917 2786  54  44  37
1920 2789  54  43  35
1921 2787  54  43  35
1922 2782  54  44  35
1922 2775  51  44  36
1922 2767  50  43  36
1922 2758  47  44  39
1922 2750  38  44  39
1924 2744  28  44  38
1928 2745  14  43  38
% 
% .PEN_UP
1935 2749   0  43  38
1940 2761   0  43  38
1945 2773   0  43  38
1953 2785   0  43  38
1960 2798   0  43  38
1968 2810   0  43  38
1978 2817   0  43  38
1994 2828   0  43  38
2013 2842   0  43  36
2030 2853   0  41  36
2049 2865   0  41  38
2069 2874   0  38  39
2082 2878   0  38  39
2094 2878   0  38  39
2108 2881   0  38  41
2115 2879   0  38  42
2119 2878   0  38  42
2121 2876   0  38  42
2120 2875   0  38  43
2119 2875   0  38  43
2116 2873   0  38  40
2109 2871   0  38  37
2102 2865   0  38  37
2094 2862   0  43  37
2087 2859   0  43  38
2079 2854   0  43  38
2070 2851   0  43  38
2063 2847   0  42  38
2056 2842   0  42  38
2048 2838   0  42  38
2042 2837   0  42  38
2038 2835   0  42  38
2034 2833   0  42  38
2029 2831   0  42  38
2026 2827   0  42  38
2024 2824   0  43  38
2021 2823   0  43  38
2018 2818   0  42  38
2017 2815   0  42  38
2015 2814   0  42  38
2014 2814   0  42  38
2012 2808   0  45  38
2008 2807   0  45  38
2005 2804   0  47  38
2001 2801   0  47  38
1997 2796   0  46  38
1994 2793   0  46  38
1990 2787   0  45  40
1989 2780   0  45  40
1985 2772   0  44  40
1983 2761   0  44  39
1981 2750   0  45  39
1978 2742   0  45  41
1974 2732   0  45  41
% 
% .PEN_DOWN
1972 2726  13  45  40
1970 2723  14  45  40
1970 2722  16  45  37
1972 2725  20  45  37
1976 2733  25  45  37
1984 2747  27  46  37
1995 2769  30  46  37
2011 2794  32  45  38
2028 2818  33  45  38
2046 2847  33  44  38
2060 2873  36  44  40
2071 2894  37  44  40
2080 2910  38  44  41
2085 2920  41  44  41
2088 2929  42  44  41
2090 2932  43  44  41
2090 2934  46  44  43
2090 2932  47  44  43
2089 2934  48  44  42
2090 2934  51  44  40
2087 2930  50  44  40
2085 2927  52  43  40
2084 2925  50  43  40
2082 2922  49  42  40
2082 2918  49  41  41
2082 2917  49  41  41
2083 2914  49  41  40
2084 2912  49  41  40
2086 2913  49  41  41
2089 2913  49  41  40
2093 2913  49  41  40
2097 2912  46  41  40
2099 2913  45  41  41
2101 2913  44  41  41
2102 2913  44  41  43
2102 2913  44  41  43
2102 2914  46  41  41
2101 2917  47  41  41
2098 2918  48  41  40
2097 2918  48  41  39
2095 2916  48  41  39
2094 2915  51  41  39
2094 2914  52  41  39
2093 2912  50  41  39
2093 2911  52  41  42
2093 2910  53  41  41
2093 2908  53  41  41
2093 2908  53  41  41
2093 2905  53  41  40
2092 2905  53  41  40
2094 2905  53  41  40
2093 2904  53  41  39
2093 2904  53  41  39
2094 2899  53  41  39
2094 2898  53  41  39
2094 2895  54  41  39
2095 2893  54  41  39
2094 2888  54  41  38
2094 2885  54  41  38
2096 2883  54  41  38
2098 2881  54  41  37
2100 2881  54  41  37
2103 2885  54  41  39
2106 2891  54  41  39
2109 2902  54  41  39
2113 2913  54  41  39
2116 2928  54  41  40
2116 2941  54  41  40
2116 2953  54  41  40
2113 2964  54  41  40
2109 2973  54  41  40
2102 2979  54  41  40
2094 2983  54  41  40
2085 2984  54  44  40
2074 2980  54  45  40
2063 2974  54  45  40
2052 2965  56  45  40
2044 2954  55  44  40
2036 2941  54  44  41
2032 2926  54  44  41
2029 2911  54  44  40
2029 2895  51  44  39
2032 2879  50  44  40
2036 2865  49  43  40
2042 2853  49  43  39
2051 2847  49  43  39
2060 2846  49  43  39
2068 2845  49  43  39
2073 2848  49  43  38
2074 2849  49  44  38
2072 2855  49  44  40
2070 2862  49  45  38
2064 2865  51  45  38
2056 2866  52  45  38
2045 2863  53  45  39
2034 2857  56  44  39
2023 2846  55  44  39
2013 2833  54  44  39
2006 2817  54  44  39
2001 2807  54  45  39
1999 2797  54  45  39
1999 2786  54  46  40
2002 2775  54  46  40
2008 2763  51  46  40
2016 2756  47  46  39
2026 2751  41  45  38
2038 2752  30  45  38
2052 2758  17  46  38
% 
% .PEN_UP
2065 2767   0  46  39
2078 2780   0  46  39
2086 2793   0  46  39
2094 2808   0  46  39
2101 2815   0  46  39
2105 2822   0  46  39
2111 2820   0  46  39
2115 2813   0  46  39
2112 2807   0  46  39
2109 2799   0  46  39
% 
% .PEN_DOWN
2105 2790  36  46  38
2101 2779  40  46  38
2099 2769  44  46  38
2095 2757  46  46  38
2091 2745  47  46  38
2090 2734  48  46  38
2089 2727  43  46  36
2090 2723  36  46  36
2091 2723  28  46  36
2094 2730  16  46  37
% 
% .PEN_UP
2097 2743   0  46  37
2101 2762   0  46  37
2103 2780   0  46  37
2105 2799   0  46  37
2105 2815   0  46  37
2105 2832   0  46  37
2106 2848   0  46  37
2110 2866   0  46  37
2114 2872   0  46  39
2116 2877   0  46  38
2120 2876   0  46  38
2119 2875   0  46  38
2119 2870   0  46  38
% 
% .PEN_DOWN
2118 2865  13  46  38
2118 2860   9  46  39
2119 2850   4  46  39
% 
% .PEN_UP
2122 2843   0  46  39
2124 2840   0  46  39
2128 2843   0  46  39
2134 2850   0  46  39
2141 2856   0  46  39
2148 2867   0  46  39
2158 2872   0  48  39
2167 2878   0  48  39
2180 2884   0  48  36
2197 2896   0  44  36
2215 2909   0  44  37
2233 2915   0  44  37
2247 2918   0  44  37
2255 2917   0  44  37
2262 2912   0  44  38
2263 2904   0  44  38
2265 2893   0  44  38
2263 2884   0  44  38
2262 2876   0  44  38
2258 2873   0  44  38
2254 2867   0  42  36
2247 2866   0  42  36
2239 2861   0  42  35
2227 2853   0  40  35
2219 2851   0  40  35
2210 2847   0  44  35
2199 2845   0  48  32
2192 2844   0  48  32
2186 2840   0  48  32
2181 2837   0  48  32
2176 2836   0  48  32
2171 2833   0  47  32
2167 2832   0  47  32
2163 2828   0  47  32
2161 2824   0  47  32
2159 2818   0  47  32
2157 2815   0  47  32
2155 2810   0  46  32
2153 2804   0  46  32
2151 2797   0  46  32
2149 2789   0  46  37
2148 2783   0  47  37
2147 2776   0  47  38
2147 2772   0  47  39
2149 2773   0  47  39
2151 2778   0  46  39
2154 2787   0  46  39
% 
% .PEN_DOWN
2160 2801   8  45  39
2165 2819  11  45  39
2176 2842  15  43  39
2184 2870  20  43  39
2194 2896  22  43  39
2203 2920  25  43  40
2209 2938  30  43  40
2213 2951  32  43  41
2215 2958  33  45  41
2216 2963  33  45  41
2216 2965  36  45  41
2215 2964  37  45  41
2215 2954  38  46  41
2211 2946  38  44  41
2208 2930  39  44  41
2203 2904  39  44  42
2198 2880  39  45  42
2193 2852  39  45  42
2186 2823  39  46  41
2178 2799  39  46  41
2173 2777  41  45  41
2169 2759  42  45  39
2168 2746  43  45  39
2167 2738  43  45  39
2170 2735  44  44  39
2173 2734  44  44  38
2175 2738  44  44  38
2180 2747  46  45  40
2185 2762  47  45  40
2191 2775  48  45  40
2196 2788  48  44  40
2200 2801  48  44  40
2205 2812  46  43  40
2209 2818  45  43  40
2211 2822  47  43  40
2213 2826  45  43  40
2214 2828  44  45  40
2214 2827  44  46  40
2215 2826  44  46  40
2215 2825  41  46  40
2214 2823  43  45  40
2212 2819  41  45  40
2211 2816  40  45  40
2208 2812  42  45  40
2206 2806  40  46  40
2203 2802  39  46  40
2201 2797  39  46  40
2199 2795  39  46  40
2198 2789  39  46  40
2197 2782  39  46  40
2198 2776  39  44  40
2198 2767  39  43  40
2200 2757  39  43  40
2204 2751  39  43  39
2208 2748  39  45  39
2214 2747  39  45  37
2221 2749  39  45  37
2226 2755  39  45  37
2230 2764  39  45  37
2234 2773  41  45  37
2237 2783  43  45  37
2239 2789  41  45  37
2241 2795  42  45  37
2242 2796  43  44  37
2241 2796  43  44  37
2242 2797  44  44  37
2242 2796  44  44  37
2242 2793  44  44  37
2244 2791  41  44  39
2247 2786  37  44  39
2248 2782  38  44  39
2251 2779  34  44  36
2255 2776  31  44  36
2259 2773  28  44  36
2264 2771  21  44  36
2268 2766  15  44  37
2270 2759  12  44  37
2271 2750   8  44  37
2268 2736   6  44  37
2261 2718   3  44  38
2249 2698   1  45  38
% 
% .PEN_UP
2232 2678   0  45  38
2209 2663   0  45  36
% 
% .PEN_DOWN
2182 2651   2  45  36
2152 2643   6  45  36
2122 2635  10  45  36
2088 2631  14  46  36
2050 2632  19  46  37
2018 2634  22  46  37
1995 2637  28  46  37
1981 2642  33  46  37
1974 2646  36  46  37
1973 2649  37  46  37
1980 2655  38  45  37
1997 2662  38  45  37
2028 2674  39  45  37
2068 2690  41  45  37
2113 2705  42  45  36
2167 2719  45  41  35
2219 2732  47  41  35
2268 2739  48  41  35
2313 2744  51  41  38
2354 2746  50  41  38
2386 2747  49  41  38
2408 2742  46  41  38
2421 2736  40  41  38
2429 2730  32  40  40
2429 2727  21  40  40
% 
