% .SEGMENT LETTER ? ? "0"
% 
% .PEN_DOWN
1761 2914  13  47  41
1759 2914  14  47  41
1758 2919  14  47  42
1760 2925  14  47  39
1760 2935  19  47  40
1762 2947  22  47  40
1766 2959  23  47  39
1768 2970  26  47  39
1772 2983  27  46  39
1774 2992  28  46  39
1776 2999  29  46  39
1777 3001  31  45  39
1777 3002  32  45  39
1777 3003  33  45  39
1777 3005  33  45  39
1777 3004  34  45  39
1779 3000  34  45  39
1779 2996  34  45  39
1780 2990  36  45  39
1781 2982  35  45  39
1783 2973  34  45  38
1786 2965  37  45  38
1789 2960  35  45  39
1795 2956  34  45  39
1801 2956  34  45  38
1806 2962  34  45  38
1812 2972  34  45  38
1820 2981  34  45  38
1824 2996  34  45  38
1830 3006  34  46  38
1835 3017  36  46  38
1837 3023  38  46  38
1837 3027  38  46  40
1838 3027  41  46  40
1836 3027  42  46  40
1833 3022  41  46  40
1829 3012  40  46  40
1824 2997  42  48  40
1818 2974  40  48  40
1812 2948  42  48  40
1805 2912  43  48  39
1797 2874  43  48  39
1791 2836  41  48  37
1785 2803  42  48  35
1778 2774  43  48  35
1772 2753  43  46  35
1769 2741  41  47  36
1768 2736  42  47  36
1768 2737  43  47  37
1767 2741  43  47  37
1767 2753  44  47  35
1765 2770  44  48  35
1763 2788  44  47  35
1763 2797  44  47  35
1759 2811  46  47  35
1754 2822  47  49  37
1751 2831  46  49  36
1750 2836  47  47  36
1749 2838  45  47  37
1747 2838  45  47  37
1746 2840  47  47  37
1748 2840  45  47  37
1750 2837  44  47  36
1755 2832  44  47  36
1762 2829  44  47  35
1771 2826  44  46  35
1781 2823  44  46  35
1793 2828  44  46  35
1806 2833  44  46  35
1822 2841  41  47  35
1838 2858  40  47  38
1857 2882  39  47  38
1874 2911  39  47  37
1890 2935  39  47  37
1901 2957  39  47  37
1908 2971  39  45  37
1910 2981  39  45  37
1911 2984  41  45  37
1909 2987  43  45  37
1905 2986  46  44  37
1896 2983  47  44  37
1886 2974  48  43  39
1876 2957  48  43  39
1861 2929  46  45  39
1850 2899  45  45  39
1841 2871  44  46  39
1835 2846  44  48  38
1830 2823  44  48  38
1827 2800  44  48  38
1826 2779  46  47  38
1827 2762  47  47  39
1830 2751  46  49  39
1833 2743  45  49  39
1841 2744  44  48  39
1847 2751  44  48  38
1853 2764  44  47  38
1859 2779  44  47  38
1864 2800  46  48  38
1864 2814  47  48  38
1862 2828  48  44  38
1858 2838  48  46  40
1853 2846  48  46  40
1847 2849  48  46  38
1843 2850  46  46  38
1840 2848  42  46  38
1839 2843  36  45  38
1839 2835  30  45  38
1841 2825  24  44  38
1846 2816  17  44  38
1855 2806  11  44  38
1865 2799   5  43  38
% 
% .PEN_UP
1881 2794   0  43  38
1895 2795   0  43  38
1910 2797   0  44  38
1923 2802   0  44  38
1937 2807   0  44  38
1949 2815   0  44  38
1960 2821   0  44  38
1967 2826   0  44  38
% 
% .PEN_DOWN
1969 2830  15  42  38
1969 2834  25  42  38
1968 2832  32  42  38
1965 2834  35  42  38
1962 2834  39  42  38
1960 2829  42  42  36
1956 2824  43  42  36
1952 2814  43  42  36
1948 2800  46  42  36
1944 2788  45  42  36
1937 2770  44  42  37
1933 2753  44  42  37
1929 2736  44  42  37
1926 2722  44  42  37
1924 2719  46  44  37
1924 2719  50  45  38
1923 2730  52  45  38
1922 2749  53  45  36
1922 2772  53  45  36
1922 2798  53  43  36
1920 2824  53  43  36
1916 2853  53  43  37
1910 2881  53  44  40
1906 2903  53  44  38
1904 2917  53  45  38
1904 2924  53  45  40
1903 2928  53  44  40
1905 2929  54  44  39
1910 2928  54  44  39
1919 2927  54  44  40
1931 2925  54  43  40
1943 2923  54  43  39
1954 2919  51  43  39
1966 2914  45  43  41
1977 2907  39  43  38
1987 2901  29  43  40
1998 2896  22  43  40
2005 2889  13  43  38
% 
% .PEN_UP
2011 2884   0  44  38
2012 2877   0  43  37
2009 2872   0  43  37
2003 2864   0  43  37
1996 2851   0  42  37
1988 2836   0  42  36
1979 2822   0  44  36
1970 2806   0  44  36
1962 2790   0  44  36
1955 2773   0  44  36
1949 2759   0  44  36
1944 2749   0  44  35
% 
% .PEN_DOWN
1941 2740  17  44  35
1942 2735  15  44  36
1945 2733  20  44  36
1948 2730  22  44  37
1954 2728  25  44  38
1961 2733  27  44  38
1968 2739  30  44  38
1976 2747  32  44  38
1984 2757  33  43  38
1991 2770  33  43  37
1995 2783  36  44  37
2000 2793  37  44  37
2002 2800  38  44  37
2003 2810  41  44  37
1999 2814  42  44  37
1996 2817  43  44  37
1992 2819  43  44  37
1989 2816  44  44  37
1984 2813  44  44  37
1979 2806  44  44  37
1974 2800  44  45  37
1970 2788  44  45  37
1968 2777  44  45  37
1966 2764  44  45  39
1966 2753  46  45  39
1967 2741  47  45  38
1970 2733  48  45  36
1974 2728  46  45  36
1982 2727  45  44  36
1993 2732  44  44  37
2001 2743  46  46  39
2012 2756  47  46  39
2021 2768  48  44  39
2028 2778  48  44  39
2031 2782  48  45  39
2033 2785  51  42  39
2034 2787  52  42  39
2035 2787  53  42  39
2034 2784  53  41  38
2035 2781  56  41  39
2034 2775  57  40  39
2033 2765  58  40  38
2032 2753  56  39  38
2030 2745  57  41  38
2029 2736  58  41  38
2029 2732  58  41  38
2030 2730  56  41  37
2032 2730  57  41  38
2033 2736  58  40  38
2038 2744  58  40  37
2046 2755  58  40  37
2053 2765  58  40  37
2057 2771  58  40  37
2059 2774  56  40  37
2060 2776  55  41  37
2060 2774  54  41  37
2062 2771  54  41  37
2062 2767  51  41  37
2062 2763  47  41  37
2064 2759  41  41  39
2065 2754  32  39  39
2066 2752  21  40  40
2068 2753  10  40  40
% 
% .PEN_UP
2075 2759   0  40  38
2082 2767   0  39  38
2090 2782   0  39  38
2100 2797   0  39  38
2113 2813   0  41  38
2127 2834   0  41  38
2144 2857   0  41  36
2166 2876   0  40  36
2185 2893   0  40  39
2202 2909   0  39  39
2219 2918   0  39  40
2233 2921   0  39  40
2243 2915   0  39  40
2243 2909   0  39  40
2244 2897   0  39  40
2241 2884   0  39  40
2239 2874   0  39  37
2232 2861   0  37  37
2227 2851   0  37  36
2222 2844   0  38  38
2214 2835   0  38  38
2208 2827   0  38  38
2197 2820   0  38  38
2190 2813   0  42  38
2183 2808   0  41  38
2177 2805   0  41  38
2170 2800   0  41  38
2165 2794   0  40  38
2158 2789   0  44  38
2154 2784   0  44  38
2148 2777   0  44  38
2142 2768   0  46  38
2138 2760   0  46  40
2133 2747   0  46  40
2129 2735   0  46  40
2127 2721   0  48  40
2126 2707   0  48  40
2125 2698   0  46  39
2125 2694   0  46  39
% 
% .PEN_DOWN
2124 2692  19  45  39
2124 2698  19  45  39
2127 2710  22  44  39
2135 2729  23  46  39
2144 2756  26  46  39
2159 2786  27  46  39
2176 2820  31  44  39
2193 2856  32  44  38
2206 2891  35  42  38
2218 2914  42  42  38
2224 2929  45  42  38
2227 2940  49  42  40
2230 2944  51  42  40
2231 2945  55  43  38
2231 2947  57  43  38
2229 2947  55  43  38
2229 2947  57  44  38
2229 2948  58  44  40
2228 2948  58  41  40
2229 2948  58  41  38
2230 2947  58  41  38
2229 2947  58  41  40
2230 2947  58  41  40
2229 2947  58  41  38
2229 2945  58  40  38
2230 2943  58  39  40
2231 2938  58  39  40
2230 2933  59  39  40
2229 2929  59  40  42
2229 2925  59  40  41
2229 2919  56  39  41
2229 2917  57  39  42
2230 2915  55  39  42
2231 2914  57  38  42
2233 2914  55  38  42
2236 2915  54  38  42
2239 2922  54  38  42
2243 2933  54  38  40
2246 2945  54  38  40
2248 2959  54  38  38
2249 2969  54  38  39
2247 2978  54  38  39
2242 2985  54  38  39
2235 2992  54  38  39
2224 2996  54  40  39
2212 2996  54  43  39
2199 2994  54  43  39
2185 2989  54  43  39
2172 2982  54  44  39
2161 2976  54  44  39
2155 2965  54  44  39
2149 2954  54  44  40
2146 2941  54  43  40
2146 2924  54  43  41
2148 2905  54  43  41
2153 2885  54  43  40
2158 2870  54  43  40
2166 2859  54  42  39
2173 2851  54  42  39
2178 2848  54  42  38
2181 2844  54  42  38
2181 2844  56  44  38
2178 2848  57  44  38
2172 2854  58  44  38
2164 2859  58  42  38
2155 2864  58  42  39
2147 2866  58  41  38
2137 2862  58  41  38
2128 2859  58  42  38
2123 2852  58  42  38
2117 2839  56  42  38
2113 2824  57  42  38
2112 2809  55  42  38
2113 2794  57  42  38
2115 2780  55  42  38
2119 2768  57  42  37
2126 2754  55  42  37
2134 2746  52  42  37
2143 2738  48  45  37
2154 2735  41  45  37
2165 2738  30  44  38
2176 2745  17  44  38
% 
% .PEN_UP
2189 2755   0  44  38
2198 2767   0  44  37
2204 2780   0  42  37
2210 2785   0  42  37
2215 2792   0  44  37
2221 2796   0  44  37
2224 2795   0  41  37
2228 2789   0  41  37
2228 2785   0  42  37
2225 2782   0  42  37
% 
% .PEN_DOWN
2222 2776  38  42  37
2222 2772  43  42  37
2219 2769  46  42  37
2216 2762  47  42  39
2213 2752  50  41  38
2210 2742  52  41  38
2207 2732  53  41  38
2205 2724  53  41  38
2206 2718  51  42  38
2205 2718  45  41  36
2206 2720  37  41  36
2210 2732  26  41  37
2216 2753  15  41  37
% 
% .PEN_UP
2224 2777   0  41  35
2232 2804   0  40  35
2236 2827   0  40  35
2235 2848   0  40  35
2236 2867   0  40  38
2238 2881   0  42  38
2238 2889   0  42  39
2238 2892   0  42  39
2235 2890   0  42  39
% 
% .PEN_DOWN
2232 2885  20  42  39
2230 2878  22  42  40
2229 2870  21  42  40
2228 2859  20  42  40
2229 2850  19  42  40
2232 2839  14  42  39
2236 2832   7  42  39
% 
% .PEN_UP
2243 2828   0  42  39
2250 2832   0  42  39
2255 2836   0  42  39
2261 2841   0  42  39
2267 2845   0  42  36
2273 2850   0  42  37
2278 2856   0  42  37
2283 2856   0  42  37
2285 2853   0  42  38
2284 2847   0  42  38
2282 2836   0  42  36
2278 2821   0  42  36
2272 2807   0  42  36
2266 2794   0  42  36
2261 2779   0  42  36
2255 2763   0  42  36
2251 2749   0  42  37
2250 2741   0  42  38
2250 2740   0  42  38
% 
% .PEN_DOWN
2249 2743  11  42  38
2251 2752  12  42  36
2256 2766  13  42  36
2263 2787  16  42  36
2271 2810  18  42  36
2280 2835  21  42  37
2289 2866  22  41  37
2298 2897  26  41  38
2305 2921  27  41  38
2311 2940  31  41  38
2314 2952  32  41  38
2315 2957  35  41  39
2316 2959  37  41  38
2317 2960  38  41  38
2316 2958  38  41  38
2314 2953  39  41  37
2311 2941  39  43  37
2307 2921  39  41  39
2303 2895  41  41  39
2296 2865  42  41  40
2290 2835  43  41  40
2285 2806  43  41  40
2279 2780  44  42  40
2274 2757  44  42  38
2273 2738  44  42  38
2272 2729  44  42  36
2272 2723  44  42  36
2272 2722  44  42  36
2274 2724  46  42  35
2276 2735  47  42  35
2280 2752  48  42  35
2285 2768  48  42  36
2288 2781  48  42  36
2291 2791  48  43  36
2294 2796  48  43  36
2296 2801  48  43  36
2297 2803  48  41  36
2298 2802  46  41  36
2300 2801  45  41  36
2302 2802  47  41  36
2305 2798  45  40  36
2306 2798  47  40  36
2307 2796  45  40  36
2307 2795  45  40  36
2306 2795  47  40  36
2306 2795  45  40  36
2304 2793  44  40  36
2303 2791  44  40  36
2299 2785  44  40  36
2294 2781  46  40  36
2291 2777  45  40  36
2285 2770  44  40  38
2283 2766  44  41  39
2282 2762  44  41  39
2282 2755  44  42  39
2282 2752  44  42  38
2285 2749  44  42  38
2289 2745  41  42  38
2295 2745  40  43  38
2302 2749  39  44  38
2311 2755  39  44  38
2317 2762  39  44  37
2322 2771  36  44  37
2325 2777  38  44  37
2326 2781  38  43  37
2325 2783  38  43  37
2323 2786  41  42  37
2320 2787  42  42  37
2318 2789  43  44  37
2315 2788  43  42  37
2314 2783  44  42  37
2312 2781  44  42  37
2309 2780  44  41  37
2310 2775  44  43  37
2311 2768  44  43  37
2312 2761  44  43  39
2317 2753  41  42  39
2321 2745  37  42  38
2326 2740  33  40  38
2332 2738  29  40  38
2340 2741  26  39  38
2350 2752  25  39  36
2362 2770  22  40  36
2375 2791  21  40  36
2386 2810  20  40  36
2395 2831  19  40  37
2403 2854  19  40  37
2411 2869  19  40  37
2415 2882  19  40  37
2419 2887  19  40  37
2420 2887  19  40  37
2420 2885  19  40  38
2419 2877  19  40  38
2417 2862  19  40  40
2413 2844  22  40  40
2408 2823  20  40  40
2402 2802  22  40  40
2392 2778  21  41  40
2383 2751  22  41  40
2371 2722  23  41  39
2354 2692  24  41  38
2333 2665  24  41  38
2312 2644  21  41  38
2287 2629  18  41  38
2262 2617  16  41  38
2234 2613  15  41  38
2198 2613  15  41  38
2162 2619  12  41  38
2128 2620  11  43  38
2098 2621  12  44  35
2073 2624  18  44  35
2060 2626  24  44  34
2055 2625  26  42  34
2061 2623  30  42  34
2077 2618  30  42  34
2105 2611  29  41  34
2146 2606  32  41  34
2198 2604  33  41  34
2254 2608  28  41  34
2314 2613  19  38  34
% 
