% .SEGMENT LETTER ? ? "0"
% 
% .PEN_DOWN
1830 2902  15  47  36
1830 2907  17  47  37
1830 2913  18  47  38
1831 2925  19  47  38
1834 2938  19  46  38
1837 2951  19  46  37
1840 2965  19  46  37
1842 2976  21  46  37
1844 2984  23  46  37
1846 2989  23  47  37
1847 2991  24  46  37
1847 2993  24  46  37
1848 2993  24  47  37
1847 2992  24  46  37
1846 2987  24  46  37
1845 2983  24  46  37
1845 2975  24  46  37
1845 2968  24  46  39
1847 2959  24  46  38
1851 2949  24  46  38
1854 2940  24  47  38
1860 2933  24  47  38
1868 2930  24  47  38
1876 2931  24  47  38
1885 2938  27  47  38
1896 2948  28  47  38
1905 2962  28  45  38
1912 2972  29  45  38
1916 2982  31  45  38
1919 2990  35  45  38
1919 2994  37  45  38
1919 2999  40  45  38
1919 2997  42  46  38
1916 2994  43  45  38
1913 2988  43  45  38
1909 2977  44  45  39
1902 2959  44  45  39
1896 2932  44  45  39
1888 2899  44  45  39
1879 2864  44  45  38
1871 2830  44  46  33
1862 2797  44  46  34
1854 2767  44  46  34
1847 2741  44  46  33
1843 2724  44  46  33
1842 2720  44  46  34
1840 2720  44  46  34
1840 2729  44  46  36
1840 2741  44  46  36
1839 2759  44  46  36
1838 2776  44  46  36
1838 2796  44  46  36
1835 2808  44  46  36
1832 2819  44  46  35
1830 2831  44  46  35
1829 2839  44  46  38
1828 2843  41  46  38
1826 2843  40  46  38
1825 2843  39  46  38
1827 2840  39  46  38
1828 2837  39  46  38
1832 2833  36  46  38
1839 2825  35  46  38
1847 2820  34  47  38
1858 2816  34  47  38
1870 2816  34  47  38
1885 2821  34  45  38
1901 2832  34  45  39
1918 2850  31  45  39
1935 2878  33  45  39
1948 2905  33  45  39
1958 2931  33  45  40
1966 2951  34  44  40
1971 2966  34  44  40
1973 2976  36  45  40
1974 2982  37  45  40
1973 2985  41  44  40
1971 2985  42  44  40
1967 2984  43  44  40
1963 2976  43  44  40
1956 2957  44  44  40
1948 2933  44  44  39
1940 2904  44  44  39
1930 2872  44  44  40
1921 2842  44  44  40
1916 2814  44  44  40
1912 2791  44  44  40
1908 2769  44  44  39
1908 2752  44  44  39
1909 2740  44  44  37
1911 2739  44  44  37
1915 2742  44  43  35
1920 2753  44  43  35
1924 2765  44  43  35
1926 2780  44  45  35
1928 2795  44  45  35
1930 2807  44  45  35
1929 2818  44  45  35
1927 2826  44  43  35
1923 2830  41  43  35
1920 2834  35  42  35
1919 2835  30  42  35
1919 2833  19  42  35
1922 2827  12  42  35
% 
% .PEN_UP
1926 2823   0  42  35
1935 2818   0  42  35
1947 2816   0  42  35
1957 2817   0  42  35
1967 2821   0  43  35
1980 2825   0  43  34
1993 2832   0  43  36
2010 2837   0  43  36
2028 2843   0  44  36
2042 2849   0  44  37
2053 2852   0  43  39
2056 2852   0  43  39
% 
% .PEN_DOWN
2055 2856  19  41  39
2051 2855  24  41  40
2049 2854  29  40  40
2046 2854  31  40  41
2043 2850  33  40  41
2038 2842  33  40  39
2033 2829  33  43  39
2027 2814  34  43  39
2022 2800  36  42  40
2015 2785  37  42  40
2010 2769  38  41  40
2007 2756  38  41  38
2005 2746  39  43  38
2002 2744  41  43  38
2001 2745  45  43  38
2000 2750  47  43  37
1999 2763  48  43  37
1999 2784  48  43  37
1999 2807  48  42  37
1998 2836  48  42  37
1996 2867  48  42  37
1995 2896  48  43  38
1994 2914  48  43  38
1993 2926  48  43  40
1993 2932  48  41  40
1993 2935  48  41  41
1994 2936  49  42  41
1996 2933  49  42  41
2003 2930  49  42  41
2012 2923  49  42  41
2022 2918  49  42  41
2035 2912  46  41  40
2048 2905  40  41  40
2061 2899  29  41  40
2075 2892  22  41  40
2085 2889  11  41  38
% 
% .PEN_UP
2095 2889   0  41  37
2104 2890   0  41  37
2106 2887   0  41  37
2106 2884   0  41  39
2103 2882   0  41  39
2100 2874   0  40  38
2092 2862   0  40  38
2082 2848   0  40  39
2069 2831   0  41  39
2055 2814   0  41  39
2043 2796   0  42  39
2034 2779   0  44  38
2025 2764   0  44  38
2018 2753   0  44  38
% 
% .PEN_DOWN
2014 2745   6  44  38
2012 2740   7  44  40
2015 2736   8  44  39
2022 2733   9  44  39
2029 2731  12  45  39
2040 2736  18  45  38
2052 2744  21  43  38
2064 2756  25  43  39
2076 2768  27  43  39
2083 2780  30  43  39
2089 2791  35  43  39
2094 2798  37  43  39
2096 2803  38  43  39
2096 2807  41  43  39
2094 2812  42  43  39
2091 2814  45  43  39
2088 2817  47  43  39
2083 2815  48  42  39
2078 2813  48  42  39
2072 2810  48  42  39
2067 2803  48  43  38
2061 2795  46  43  39
2056 2785  47  42  39
2054 2775  46  42  38
2053 2764  47  41  38
2054 2752  48  43  38
2058 2742  46  43  38
2065 2734  45  43  38
2073 2729  44  41  38
2080 2732  44  41  36
2087 2738  44  41  36
2097 2750  44  41  36
2104 2764  44  41  36
2109 2774  44  41  36
2114 2780  44  41  36
2116 2785  44  41  36
2117 2786  46  41  36
2116 2787  47  41  36
2114 2784  46  41  36
2114 2780  45  41  36
2115 2774  47  41  36
2114 2765  45  41  36
2115 2755  44  41  36
2113 2747  46  41  39
2112 2737  47  41  38
2112 2732  48  41  38
2111 2729  48  41  38
2112 2729  48  41  38
2114 2731  48  41  38
2119 2736  46  42  38
2122 2746  47  42  38
2127 2755  48  42  37
2131 2762  48  43  37
2134 2765  48  43  37
2135 2767  48  43  37
2135 2765  46  43  37
2137 2762  47  44  37
2136 2759  46  44  37
2137 2755  42  42  37
2139 2751  38  42  37
2141 2748  31  43  37
2142 2745  20  43  37
2146 2745  10  42  37
% 
% .PEN_UP
2153 2750   0  41  37
2162 2759   0  41  37
2171 2770   0  41  37
2181 2785   0  39  37
2192 2800   0  39  37
2203 2815   0  41  36
2215 2827   0  41  36
2226 2840   0  41  36
2238 2851   0  41  35
2248 2856   0  41  35
2255 2858   0  41  34
2260 2855   0  41  34
2262 2851   0  41  37
2262 2841   0  41  37
2259 2832   0  41  37
2257 2821   0  41  37
2252 2814   0  41  37
2246 2805   0  41  37
2242 2803   0  41  37
2237 2795   0  40  37
2231 2788   0  40  37
2226 2782   0  41  37
2220 2776   0  41  40
2211 2767   0  43  40
2204 2755   0  44  41
2195 2740   0  44  41
2189 2725   0  44  40
2183 2707   0  43  40
2178 2692   0  43  40
2173 2682   0  42  40
% 
% .PEN_DOWN
2170 2676   8  42  40
2170 2674  11  44  40
2171 2676  13  44  40
2176 2686  16  43  39
2185 2706  20  43  39
2198 2735  22  42  39
2212 2766  25  42  39
2230 2800  30  42  39
2248 2834  32  42  38
2260 2868  35  42  38
2271 2896  37  42  38
2276 2912  43  41  39
2278 2923  46  41  40
2280 2930  50  40  40
2281 2931  52  40  39
2280 2932  53  40  39
2280 2933  53  40  38
2281 2933  53  39  38
2279 2931  51  39  40
2276 2928  52  39  40
2274 2926  50  39  41
2273 2921  49  39  41
2273 2915  49  39  41
2273 2909  49  39  42
2274 2902  49  39  42
2276 2895  49  41  42
2279 2890  49  41  41
2281 2888  49  42  41
2284 2887  49  43  40
2286 2892  49  43  40
2290 2905  49  43  39
2294 2921  49  43  39
2296 2940  49  43  38
2295 2956  49  43  38
2293 2969  49  43  38
2288 2981  49  43  38
2281 2992  49  43  38
2274 2998  49  43  38
2264 3004  49  43  38
2252 3005  49  43  38
2244 3004  49  43  38
2234 2998  49  42  38
2226 2992  51  42  38
2218 2982  50  43  38
2212 2968  49  43  38
2210 2951  49  43  38
2210 2932  49  43  38
2213 2913  49  42  38
2220 2894  49  42  37
2229 2878  49  42  37
2238 2866  49  42  37
2243 2857  49  42  37
2247 2852  49  42  37
2250 2848  49  42  36
2252 2849  51  42  36
2250 2849  52  42  36
2247 2852  53  42  37
2241 2854  53  42  39
2232 2857  53  42  39
2222 2856  53  41  39
2209 2851  53  41  38
2196 2840  51  42  38
2186 2831  52  42  38
2177 2818  53  43  38
2170 2803  53  43  38
2167 2791  53  44  38
2166 2777  51  44  37
2169 2762  52  44  37
2176 2748  50  44  39
2184 2736  47  45  39
2196 2726  40  45  37
2208 2721  32  45  38
2222 2722  23  45  38
2234 2730  14  45  38
% 
% .PEN_UP
2247 2743   0  45  37
2259 2757   0  45  37
2266 2774   0  44  37
2273 2789   0  44  37
2277 2797   0  44  37
2279 2800   0  42  37
2280 2801   0  42  37
2279 2798   0  42  37
% 
% .PEN_DOWN
2277 2795  18  42  37
2275 2788  23  42  37
2274 2782  29  42  37
2271 2772  31  42  37
2268 2760  35  42  37
2266 2750  37  42  37
2264 2738  38  42  37
2263 2728  38  42  37
2263 2717  39  42  36
2263 2712  34  42  37
2264 2710  26  42  37
2267 2716  15  42  37
% 
% .PEN_UP
2273 2730   0  42  35
2278 2752   0  43  35
2283 2776   0  42  35
2288 2797   0  42  35
2289 2816   0  42  37
2291 2835   0  42  37
2290 2849   0  42  37
2292 2855   0  43  37
2291 2859   0  43  37
2289 2859   0  41  37
% 
% .PEN_DOWN
2286 2858  20  41  39
2283 2858  22  40  39
2282 2856  23  40  40
2282 2854  24  40  39
2282 2850  24  40  39
2283 2849  21  40  39
2286 2847  13  40  39
% 
% .PEN_UP
2290 2844   0  40  38
2294 2844   0  40  38
2300 2847   0  41  38
2308 2852   0  41  40
2317 2858   0  40  40
2328 2869   0  38  41
2340 2878   0  38  41
2352 2887   0  38  41
2365 2895   0  38  41
2375 2902   0  38  43
2382 2901   0  39  40
2384 2897   0  39  40
2383 2883   0  39  40
2378 2866   0  39  39
2370 2848   0  38  39
2360 2830   0  38  39
2350 2810   0  41  39
2339 2793   0  41  39
2328 2776   0  42  39
2318 2756   0  42  39
2310 2737   0  44  39
2306 2721   0  44  39
2304 2713   0  44  39
2302 2715   0  44  39
% 
% .PEN_DOWN
2302 2722  18  44  38
2307 2737  18  44  38
2314 2761  19  42  38
2325 2788  19  42  38
2338 2817  19  41  38
2351 2848  21  41  39
2362 2881  25  41  39
2371 2911  27  41  41
2378 2930  28  41  41
2383 2946  31  41  41
2385 2955  32  42  41
2386 2958  36  42  41
2386 2960  37  42  41
2385 2960  38  42  41
2384 2956  38  41  41
2383 2945  36  41  41
2380 2929  35  41  41
2375 2903  34  42  41
2369 2873  37  41  41
2361 2841  38  41  41
2354 2810  36  42  41
2347 2780  37  42  39
2341 2756  35  42  39
2338 2737  37  42  39
2336 2723  38  42  39
2335 2717  36  42  38
2336 2717  37  42  38
2339 2719  38  41  36
2342 2731  38  41  36
2347 2749  39  41  38
2352 2763  39  40  38
2356 2781  39  40  38
2361 2795  41  40  38
2366 2802  40  40  38
2368 2805  39  42  38
2370 2807  39  42  38
2372 2806  39  40  38
2374 2806  39  40  38
2376 2802  36  41  38
2379 2801  38  41  38
2382 2798  36  41  38
2382 2795  35  42  38
2384 2793  37  42  38
2385 2792  35  42  38
2383 2790  37  42  38
2383 2789  38  42  38
2380 2786  38  41  38
2376 2784  39  41  38
2370 2782  39  41  38
2365 2777  39  41  37
2361 2773  39  41  37
2355 2767  39  41  37
2353 2759  36  40  37
2352 2753  37  40  39
2354 2746  36  40  39
2357 2741  35  41  38
2363 2738  34  41  38
2369 2736  32  41  38
2375 2739  30  41  38
2384 2745  30  41  38
2390 2754  29  41  37
2395 2762  29  41  37
2398 2770  29  41  37
2399 2780  31  41  37
2399 2785  33  41  37
2398 2790  33  41  37
2396 2794  33  41  37
2394 2797  34  41  37
2391 2796  34  40  37
2390 2795  34  41  37
2387 2792  31  41  37
2387 2788  28  41  37
2387 2782  26  40  38
2389 2774  22  40  39
2391 2762  21  40  39
2396 2751  15  40  38
2402 2743  10  40  38
2410 2736   5  40  38
2419 2735   2  40  38
% 
% .PEN_UP
2431 2741   0  40  38
2446 2755   0  41  38
2462 2774   0  41  38
2476 2794   0  38  37
2487 2812   0  38  37
2494 2830   0  37  37
2497 2842   0  37  35
2499 2847   0  37  35
% 
% .PEN_DOWN
2498 2848   6  37  35
2494 2842   7  38  35
2487 2830   8  38  35
2477 2810   9  40  35
2465 2788   9  40  36
2451 2760   9  38  36
2438 2729   9  40  37
2422 2694  12  38  37
2405 2663  13  38  36
2386 2636  14  40  36
2361 2615  16  40  36
2335 2600  18  41  36
2307 2590  18  41  36
2280 2582  19  41  36
2252 2577  16  41  36
2224 2576  18  40  36
2197 2580  18  41  36
2176 2587  19  41  36
2165 2590  21  41  36
2160 2596  23  43  36
2165 2597  23  43  36
2185 2596  24  44  36
2215 2596  26  44  36
2253 2599  28  42  36
2306 2604  28  42  36
2365 2618  31  42  36
2436 2633  32  39  35
2510 2649  31  39  35
2588 2669  22  39  37
% 
