% .SEGMENT LETTER ? ? "0"
% 
% .PEN_DOWN
1579 2914   3  46  42
1577 2912   6  46  42
1577 2915   8  47  41
1577 2918  11  47  41
1579 2925  13  47  40
1580 2937  13  46  40
1585 2953  14  46  40
1592 2968  14  47  40
1599 2981  14  47  40
1605 2992  14  45  40
1610 2997  17  45  40
1614 3000  15  47  40
1616 3003  17  45  40
1616 3003  18  45  40
1616 3005  19  45  40
1616 3004  19  46  40
1616 3000  19  45  40
1615 2996  19  45  40
1614 2990  19  45  39
1613 2981  19  45  39
1612 2973  19  45  38
1613 2962  19  44  38
1616 2952  21  44  38
1621 2944  23  45  38
1626 2939  23  45  38
1632 2937  24  45  38
1639 2940  24  45  38
1648 2949  24  45  38
1656 2962  24  45  38
1662 2977  24  45  38
1667 2993  24  45  38
1669 3008  24  45  38
1671 3016  24  45  38
1671 3021  26  46  38
1671 3023  28  46  38
1670 3023  28  46  38
1666 3017  29  46  38
1663 3005  29  46  38
1657 2988  29  46  39
1653 2965  29  46  39
1647 2936  29  46  39
1637 2901  29  45  39
1628 2866  29  45  39
1619 2832  29  45  36
1611 2804  29  45  36
1605 2780  29  46  36
1601 2764  29  46  37
1599 2755  29  45  37
1598 2751  29  45  37
1597 2754  29  46  37
1594 2761  29  48  37
1592 2770  29  46  37
1590 2780  29  46  37
1588 2789  31  48  37
1584 2796  33  48  37
1580 2802  33  48  37
1577 2805  33  48  37
1575 2806  34  47  37
1572 2806  34  47  37
1571 2807  34  48  37
1572 2807  34  48  37
1573 2804  34  48  37
1576 2805  34  48  37
1580 2805  34  47  37
1590 2806  34  47  37
1602 2809  34  44  37
1618 2814  34  44  37
1634 2824  34  44  37
1651 2840  34  44  37
1670 2865  34  43  37
1689 2897  34  43  38
1706 2931  34  44  38
1721 2962  34  44  38
1733 2989  34  44  38
1739 3008  34  44  38
1742 3017  34  45  38
1742 3020  31  45  38
1738 3022  30  45  38
1731 3016  30  45  38
1721 3005  32  44  38
1710 2989  33  45  41
1698 2962  36  45  41
1685 2929  37  45  40
1675 2894  38  45  40
1666 2859  38  45  40
1660 2827  41  45  39
1655 2802  40  45  39
1653 2780  39  45  39
1655 2764  39  47  38
1659 2755  39  45  38
1666 2756  41  45  38
1674 2767  43  47  38
1683 2783  41  47  38
1692 2801  37  46  38
1699 2821  35  46  38
1703 2839  35  46  38
1702 2851  34  46  37
1700 2861  32  46  37
1695 2867  33  47  37
1692 2866  31  47  37
1688 2863  27  47  39
1684 2854  21  45  39
1684 2843  15  45  39
1683 2831   7  44  39
% 
% .PEN_UP
1686 2823   0  44  39
1693 2818   0  44  39
1701 2819   0  44  39
1712 2823   0  44  39
1723 2832   0  44  39
1740 2846   0  44  39
1757 2862   0  44  40
1774 2878   0  44  40
1791 2893   0  44  39
1810 2902   0  44  39
1827 2908   0  44  39
1841 2909   0  49  39
1847 2904   0  49  40
1852 2890   0  47  40
1854 2873   0  48  37
1856 2856   0  48  37
1853 2836   0  48  37
1850 2818   0  50  37
1846 2804   0  50  37
1843 2799   0  51  37
1842 2796   0  48  37
1840 2797   0  48  37
1838 2798   0  48  37
1834 2796   0  49  37
1831 2795   0  49  37
1826 2795   0  48  37
1822 2794   0  48  37
1820 2796   0  48  37
1819 2797   0  48  37
1820 2801   0  48  37
1823 2807   0  48  37
1828 2814   0  48  37
1832 2821   0  48  37
1835 2832   0  45  37
1837 2843   0  46  39
1840 2853   0  46  39
% 
% .PEN_DOWN
1841 2863   2  46  40
1844 2872   8  45  40
1845 2876  14  45  40
1845 2878  19  46  40
1845 2878  21  46  40
1843 2872  25  46  40
1842 2864  27  46  38
1839 2848  28  46  38
1836 2829  29  46  38
1831 2808  31  46  38
1825 2785  32  46  38
1818 2761  33  46  38
1814 2735  33  46  38
1812 2717  34  46  38
1809 2707  34  46  39
1806 2708  34  46  39
1808 2720  36  46  37
1808 2745  35  46  39
1809 2769  34  46  37
1809 2798  34  46  37
1808 2824  34  46  39
1806 2848  34  46  42
1800 2872  34  46  41
1796 2890  34  46  41
1794 2901  34  46  42
1792 2906  34  46  42
1791 2912  34  46  44
1791 2911  36  46  44
1795 2910  38  46  43
1801 2911  38  46  43
1810 2908  38  46  41
1821 2908  39  46  42
1833 2905  36  46  42
1848 2905  35  45  42
1862 2901  34  45  40
1875 2898  29  45  40
1886 2897  24  46  40
1893 2895  17  46  40
1899 2892  10  46  40
% 
% .PEN_UP
1902 2890   0  44  40
1901 2884   0  44  38
1897 2878   0  44  38
1890 2869   0  44  38
1879 2858   0  44  38
1868 2844   0  44  38
1858 2828   0  47  38
1849 2811   0  47  38
1840 2792   0  47  38
1834 2773   0  47  38
1830 2756   0  47  38
1825 2744   0  47  40
% 
% .PEN_DOWN
1822 2733   7  47  40
1823 2727   8  47  41
1827 2723   9  47  41
1834 2726  11  47  40
1842 2730  15  47  39
1852 2735  17  47  39
1863 2744  21  46  39
1874 2755  22  46  38
1884 2766  23  46  38
1891 2777  26  47  38
1897 2787  28  47  38
1900 2796  28  47  38
1898 2806  29  46  38
1896 2810  29  46  38
1894 2816  29  46  38
1889 2819  31  46  38
1884 2821  33  44  38
1879 2820  33  44  38
1875 2815  33  46  38
1868 2807  34  46  38
1862 2798  34  47  38
1859 2786  34  47  37
1858 2775  34  45  37
1858 2763  34  46  39
1861 2751  34  46  39
1867 2742  34  46  39
1875 2737  34  46  39
1885 2734  34  46  39
1896 2739  34  45  38
1908 2747  34  45  38
1920 2757  34  43  38
1930 2769  34  43  35
1939 2778  34  43  35
1943 2784  34  43  35
1946 2787  36  43  35
1947 2789  38  43  35
1947 2787  38  43  35
1947 2784  41  43  38
1947 2776  42  43  36
1945 2767  43  43  36
1942 2756  43  43  36
1941 2745  44  43  35
1938 2733  44  43  35
1937 2726  44  43  37
1936 2722  44  43  36
1938 2721  44  43  36
1941 2726  46  43  36
1946 2736  47  43  35
1952 2751  46  43  35
1958 2765  45  43  36
1962 2773  44  43  36
1966 2777  44  43  36
1967 2779  44  43  36
1970 2777  41  43  36
1970 2774  40  43  36
1971 2766  37  43  37
1971 2759  30  43  37
1972 2753  22  43  37
1974 2750  11  43  39
% 
% .PEN_UP
1976 2751   0  43  39
1980 2757   0  44  39
1984 2766   0  44  41
1988 2778   0  44  41
1991 2791   0  44  41
1993 2808   0  46  33
1996 2827   0  46  33
2000 2851   0  47  33
2005 2896   0  47  32
2013 2931   0  44  32
2024 2968   0  44  32
2166 3227   0  44  32
2167 3224   0  44  32
2163 3219   0  47  32
2154 3216   0  50  32
2145 3216   0  50  32
2137 3208   0  50  32
2127 3197   0  50  32
2119 3181   0  50  38
2108 3168   0  50  41
2094 3151   0  50  41
2082 3134   0  45  41
2072 3114   0  45  44
2063 3088   0  47  44
2057 3063   0  47  39
2052 3040   0  43  39
2051 3017   0  43  39
2049 2988   0  45  39
2049 2965   0  45  39
2048 2943   0  43  39
2045 2921   0  43  40
2047 2906   0  41  40
2050 2894   0  41  40
2054 2884   0  40  40
2061 2881   0  40  40
2067 2877   0  40  40
2073 2877   0  40  40
2079 2877   0  42  42
2087 2875   0  42  42
2091 2872   0  42  42
2092 2870   0  42  40
2093 2866   0  42  40
2093 2861   0  42  39
2091 2855   0  42  39
2090 2850   0  42  39
2089 2846   0  43  39
2087 2839   0  43  37
2087 2834   0  43  37
2088 2829   0  44  37
2089 2826   0  44  37
2087 2823   0  44  37
2087 2816   0  41  37
2088 2814   0  41  37
2087 2810   0  42  37
2086 2806   0  41  37
2085 2804   0  41  37
2082 2801   0  41  37
2080 2799   0  40  37
2078 2796   0  40  37
2074 2791   0  41  37
2072 2789   0  44  37
2070 2785   0  44  37
2068 2783   0  44  38
2065 2781   0  45  38
2063 2781   0  43  35
2060 2781   0  43  35
2058 2778   0  43  36
2057 2777   0  44  36
2054 2776   0  44  39
2051 2772   0  44  39
2048 2764   0  44  38
2044 2756   0  44  38
2039 2747   0  44  38
2036 2733   0  45  38
2031 2724   0  45  40
2026 2714   0  45  40
% 
% .PEN_DOWN
2023 2706   6  45  40
2019 2703  10  45  40
2019 2701  12  45  39
2021 2703  16  46  39
2024 2713  20  46  39
2031 2731  22  45  39
2042 2756  23  45  40
2057 2786  26  44  40
2075 2816  27  44  40
2092 2855  31  44  40
2106 2888  32  44  42
2116 2915  35  44  42
2125 2933  37  44  41
2130 2945  38  45  41
2133 2951  41  45  41
2133 2954  45  44  41
2133 2957  47  44  41
2132 2958  50  43  41
2132 2958  52  45  39
2130 2959  53  45  39
2129 2960  53  45  40
2126 2958  53  45  40
2126 2959  53  45  39
2124 2960  53  45  39
2123 2959  53  45  40
2124 2958  53  45  40
2124 2960  53  45  40
2124 2959  53  45  40
2124 2957  53  45  41
2125 2956  54  45  41
2126 2957  51  45  41
2125 2957  50  45  41
2124 2956  52  45  43
2124 2955  53  45  43
2125 2956  51  45  43
2124 2955  50  45  43
2125 2955  52  45  44
2125 2955  53  45  44
2125 2955  53  45  43
2125 2956  53  45  43
2124 2955  53  45  42
2125 2956  53  45  42
2124 2956  53  45  43
2124 2956  53  45  43
2124 2956  53  45  42
2123 2955  53  45  42
2123 2952  53  45  43
2124 2947  54  45  43
2125 2942  54  45  40
2125 2934  54  45  40
2126 2928  54  45  41
2127 2922  54  45  40
2128 2918  54  45  40
2130 2917  54  44  40
2133 2919  54  44  39
2137 2924  54  43  39
2141 2934  54  41  37
2146 2948  54  41  37
2149 2961  54  41  39
2153 2973  54  42  39
2153 2985  54  42  37
2152 2994  54  45  37
2147 3001  51  45  37
2141 3009  50  45  37
2134 3014  49  45  37
2126 3013  49  45  37
2116 3011  49  45  37
2106 3006  49  45  37
2098 2996  49  45  37
2090 2985  49  45  39
2083 2973  51  45  39
2078 2956  50  44  39
2075 2939  52  44  40
2075 2922  50  44  40
2078 2902  49  45  41
2084 2886  49  45  41
2093 2872  46  45  39
2103 2867  47  45  39
2111 2862  46  45  38
2117 2860  45  45  38
2122 2861  47  45  38
2124 2861  48  45  39
2123 2863  48  45  37
2118 2865  51  45  37
2111 2867  52  45  39
2103 2866  53  45  39
2093 2862  53  45  38
2082 2854  53  45  38
2071 2843  56  45  40
2060 2831  55  44  40
2052 2816  54  44  40
2045 2805  54  44  40
2041 2795  54  44  40
2039 2783  54  44  40
2042 2771  54  45  38
2046 2759  54  45  38
2052 2750  54  45  38
2060 2743  54  45  38
2067 2739  51  45  38
2074 2737  47  45  38
2082 2737  41  45  38
2088 2741  32  45  38
2094 2748  21  45  36
% 
% .PEN_UP
2101 2759   0  45  36
2109 2770   0  45  36
2115 2780   0  45  36
2120 2791   0  45  36
2126 2799   0  45  36
2131 2806   0  45  36
2136 2810   0  45  36
2141 2812   0  46  36
2146 2812   0  46  36
2149 2815   0  46  36
2147 2812   0  45  36
% 
% .PEN_DOWN
2145 2810  24  44  36
2144 2806  29  44  36
2142 2801  31  44  36
2139 2795  35  45  36
2137 2785  37  45  36
2134 2773  40  44  36
2133 2763  42  44  36
2132 2749  40  43  36
2132 2736  42  43  37
2131 2729  38  43  37
2132 2726  28  43  38
2133 2729  16  45  38
% 
% .PEN_UP
2137 2740   0  44  38
2140 2758   0  44  38
2143 2778   0  44  35
2144 2800   0  45  35
2145 2821   0  45  35
2146 2840   0  46  37
2148 2857   0  46  37
2151 2870   0  47  37
2155 2880   0  47  37
2157 2881   0  47  37
2157 2881   0  47  39
2155 2881   0  45  39
% 
% .PEN_DOWN
2151 2878  19  45  39
2149 2877  22  44  39
2148 2877  20  44  40
2148 2873  17  44  40
2149 2870  11  44  40
% 
% .PEN_UP
2152 2867   0  44  40
2156 2864   0  44  41
2161 2865   0  44  41
2166 2869   0  44  41
2173 2876   0  46  39
2183 2887   0  46  39
2192 2893   0  44  39
2202 2901   0  44  39
2213 2903   0  44  39
2223 2907   0  39  39
2237 2915   0  39  39
2249 2913   0  39  38
2255 2911   0  39  38
2259 2901   0  39  38
2259 2881   0  39  38
2256 2864   0  39  39
2253 2847   0  39  39
2250 2833   0  39  39
2248 2823   0  39  39
2247 2818   0  39  39
2244 2814   0  39  39
2239 2809   0  39  39
2234 2807   0  40  39
2228 2806   0  40  39
2222 2804   0  42  39
2217 2803   0  42  39
2214 2801   0  42  39
2208 2798   0  42  39
2203 2796   0  45  39
2198 2794   0  45  39
2193 2790   0  47  39
2186 2784   0  47  39
2181 2776   0  48  39
2175 2768   0  48  39
2169 2758   0  47  39
2167 2750   0  47  41
2165 2742   0  46  40
2165 2737   0  46  40
2164 2737   0  45  40
% 
% .PEN_DOWN
2165 2739   2  45  39
2170 2747   3  45  39
2177 2761   4  45  38
2188 2779   4  45  38
2200 2800   4  45  38
2212 2823   7  44  38
2225 2850   8  44  38
2235 2879  11  45  39
2245 2908  13  45  39
2253 2932  16  45  39
2258 2951  20  45  40
2261 2964  22  45  40
2262 2973  25  45  40
2262 2975  30  45  40
2260 2974  32  45  38
2258 2968  33  45  41
2255 2959  36  45  40
2251 2941  35  45  40
2245 2919  37  45  41
2237 2890  35  45  41
2230 2861  37  43  41
2223 2830  38  43  41
2216 2799  38  43  41
2208 2769  39  43  41
2203 2743  39  43  39
2198 2722  39  44  39
2199 2712  39  44  39
2201 2706  39  44  39
2206 2707  41  44  39
2212 2716  42  45  39
2216 2729  43  44  39
2222 2747  43  44  39
2228 2768  44  44  38
2235 2785  44  43  38
2239 2796  44  43  38
2243 2805  44  43  38
2247 2809  44  43  38
2250 2812  44  43  38
2252 2813  41  43  38
2254 2813  42  43  38
2258 2810  43  43  38
2260 2806  43  43  38
2261 2799  44  43  38
2261 2798  41  43  38
2264 2794  42  43  38
2263 2793  43  43  38
2264 2793  43  43  38
2263 2793  44  43  38
2261 2795  44  43  38
2260 2797  44  43  38
2257 2799  44  43  38
2254 2799  44  43  38
2251 2799  44  43  38
2246 2795  44  43  38
2244 2790  41  43  38
2240 2785  40  43  38
2237 2777  42  43  39
2236 2767  40  42  39
2237 2759  40  42  38
2240 2752  39  42  38
2244 2746  39  42  40
2249 2742  39  42  40
2253 2742  39  42  40
2261 2746  39  42  40
2268 2752  39  42  39
2273 2761  39  42  39
2275 2774  39  42  40
2278 2784  39  42  40
2280 2792  39  42  40
2279 2802  39  42  40
2277 2808  41  42  40
2277 2811  43  42  40
2275 2812  41  42  40
2272 2811  42  42  40
2271 2807  43  42  40
2270 2800  43  42  40
2268 2792  44  42  40
2269 2784  44  42  38
2269 2777  44  42  38
2271 2767  41  42  38
2274 2759  40  42  39
2280 2754  37  42  39
2287 2751  33  41  38
2295 2752  28  41  38
2305 2759  24  41  38
2318 2771  19  41  38
2332 2787  12  41  37
2347 2804   8  41  37
2361 2819   4  41  37
2371 2830   2  41  37
2377 2838   1  41  38
% 
% .PEN_UP
2382 2840   0  41  38
% 
% .PEN_DOWN
2384 2837   2  41  38
2382 2829   3  41  38
2379 2815   6  41  38
2372 2799  10  41  38
2362 2777  12  42  39
2348 2748  13  42  39
2332 2713  14  42  39
2314 2680  16  43  38
2295 2650  18  43  38
2273 2624  21  43  38
2248 2605  22  43  38
2217 2596  23  42  38
2183 2589  24  45  38
2146 2588  24  45  38
2108 2588  24  45  38
2069 2592  24  45  38
2028 2595  24  46  38
1999 2599  24  46  38
1981 2599  24  46  38
1971 2597  24  46  38
1970 2596  24  46  38
1979 2596  24  46  38
2002 2601  27  46  38
2042 2612  28  44  38
2090 2629  33  44  38
2149 2650  39  42  38
2211 2675  41  42  38
2274 2690  42  42  37
2335 2703  43  42  37
2387 2712  43  42  37
2434 2708  44  39  38
2474 2706  44  40  38
2502 2698  36  40  37
2518 2688  23  39  37
% 
