% .SEGMENT LETTER ? ? "0"
% 
% .PEN_DOWN
1646 2912  12  47  40
1644 2910  13  47  40
1643 2911  16  47  40
1643 2915  18  47  40
1644 2922  18  47  40
1645 2933  19  47  39
1647 2948  21  47  39
1650 2965  23  47  39
1655 2978  23  47  39
1659 2987  24  47  39
1661 2994  24  47  39
1663 3000  24  47  39
1664 3000  24  47  39
1663 3001  24  47  39
1662 2997  24  47  39
1661 2991  24  47  39
1660 2985  26  47  38
1660 2975  28  47  38
1660 2965  26  47  38
1662 2953  27  47  40
1665 2941  28  47  41
1668 2932  29  47  41
1675 2926  29  45  41
1682 2922  29  45  40
1691 2924  29  46  40
1701 2931  31  47  40
1711 2945  30  47  40
1722 2962  32  47  39
1729 2977  33  47  39
1732 2987  31  47  39
1735 2997  32  48  39
1734 3002  33  48  39
1732 3003  36  48  39
1728 3000  37  48  39
1723 2992  38  48  39
1716 2978  38  48  38
1708 2956  39  47  38
1701 2930  39  47  38
1694 2897  39  47  38
1687 2866  39  47  38
1681 2832  41  46  38
1674 2803  40  46  38
1668 2779  39  46  38
1664 2756  39  46  36
1661 2744  41  46  36
1658 2738  40  46  37
1657 2741  39  46  37
1656 2748  39  46  36
1656 2760  39  46  36
1654 2773  39  46  36
1652 2784  39  46  36
1649 2798  39  46  36
1646 2809  39  46  36
1643 2814  39  46  36
1640 2818  39  46  36
1638 2819  39  46  36
1637 2819  39  46  36
1637 2820  39  46  36
1638 2819  36  46  36
1641 2818  35  46  36
1646 2817  34  46  36
1655 2812  34  46  36
1664 2812  34  46  36
1676 2811  34  46  36
1691 2815  34  46  36
1707 2823  31  46  36
1727 2841  30  45  36
1746 2867  30  45  37
1763 2897  32  46  38
1778 2930  33  46  38
1789 2958  31  46  38
1797 2976  30  46  39
1798 2985  29  46  39
1798 2991  32  46  39
1795 2993  33  46  39
1790 2989  33  46  39
1783 2976  36  46  39
1774 2958  37  46  38
1764 2932  38  45  39
1753 2900  38  45  39
1741 2869  41  45  39
1732 2839  42  45  38
1725 2814  41  47  38
1721 2792  42  47  38
1720 2774  40  45  38
1720 2762  40  45  38
1724 2758  39  45  36
1730 2760  39  45  36
1738 2770  39  45  36
1746 2783  39  45  34
1752 2799  39  44  34
1757 2812  36  44  34
1760 2827  35  44  34
1760 2839  32  44  36
1758 2847  28  46  36
1755 2849  24  46  38
1753 2847  16  46  38
1752 2844   8  46  38
% 
% .PEN_UP
1752 2837   0  47  38
1755 2832   0  47  38
1758 2830   0  46  38
1762 2831   0  46  38
1771 2835   0  44  39
1782 2845   0  44  39
1793 2862   0  44  39
1806 2870   0  44  36
1820 2878   0  44  41
1831 2879   0  44  41
1842 2884   0  46  41
1853 2879   0  46  40
1861 2873   0  45  37
1870 2861   0  45  37
1872 2853   0  46  37
1876 2839   0  46  38
1876 2831   0  46  38
1879 2831   0  45  38
1880 2832   0  45  38
1881 2832   0  45  38
1882 2834   0  45  38
1882 2834   0  45  38
1883 2837   0  45  38
1884 2845   0  45  36
1886 2852   0  45  36
1891 2859   0  45  37
1895 2866   0  44  27
1911 2895   0  45  38
1911 2883   0  45  38
1911 2872   0  45  38
1910 2860   0  44  38
1907 2852   0  44  39
1901 2843   0  43  39
1898 2837   0  44  39
1895 2832   0  44  39
1893 2829   0  44  39
1892 2826   0  45  39
1891 2823   0  45  39
1893 2822   0  45  39
1893 2824   0  45  39
1895 2827   0  45  39
1899 2830   0  45  39
1903 2836   0  44  39
1906 2843   0  43  39
1908 2851   0  43  39
1910 2860   0  43  38
% 
% .PEN_DOWN
1911 2869   6  43  38
1912 2878  12  43  39
1914 2887  21  44  39
1915 2892  27  44  40
1915 2894  35  44  40
1915 2894  42  44  38
1915 2892  48  42  38
1913 2886  51  42  39
1913 2876  52  41  38
1910 2862  53  41  38
1907 2846  53  43  38
1902 2829  53  43  38
1897 2810  53  43  38
1892 2792  53  43  38
1888 2775  53  43  38
1885 2760  53  43  38
1884 2752  53  44  38
1883 2749  53  43  38
1881 2744  53  43  38
1882 2744  54  43  40
1881 2743  51  44  40
1881 2743  52  44  39
1881 2744  53  45  38
1881 2744  51  45  38
1881 2742  52  45  38
1880 2742  50  45  40
1880 2742  52  45  40
1879 2740  53  45  39
1877 2739  53  45  39
1878 2739  53  45  39
1876 2737  53  45  39
1876 2736  53  45  38
1875 2736  53  45  38
1877 2736  53  45  38
1878 2736  53  44  38
1877 2735  53  44  38
1876 2735  53  45  38
1878 2736  54  43  38
1876 2735  54  43  38
1877 2735  54  43  38
1878 2736  54  43  38
1876 2735  54  44  38
1877 2736  54  44  38
1878 2735  54  44  38
1878 2734  51  45  37
1877 2735  42  45  38
1878 2736  31  44  38
1879 2744  17  44  37
% 
% .PEN_UP
1882 2754   0  45  37
1884 2768   0  45  37
1887 2782   0  46  37
1888 2793   0  46  37
1889 2807   0  46  37
1891 2819   0  46  37
1892 2830   0  45  37
1894 2845   0  45  39
1902 2850   0  44  37
1904 2867   0  44  37
1906 2877   0  45  37
1909 2880   0  45  38
1909 2896   0  43  39
1913 2900   0  43  39
1910 2912   0  47  39
1909 2919   0  47  35
1907 2932   0  40  39
1901 2965   0  40  39
1893 2975   0  42  39
1879 3004   0  42  42
1875 3030   0  43  31
1848 3291   0  43  31
1846 3278   0  48  33
1850 3263   0  48  33
1857 3237   0  48  28
1865 3213   0  44  28
1874 3188   0  42  33
1882 3159   0  42  33
1889 3129   0  42  40
1899 3094   0  38  40
1904 3066   0  38  37
1912 3044   0  40  37
1919 3020   0  40  37
1919 3002   0  41  37
1921 2980   0  41  42
1926 2961   0  41  42
1928 2943   0  41  43
1931 2925   0  41  43
1935 2912   0  41  44
1936 2904   0  41  44
1939 2897   0  41  43
1940 2893   0  41  43
1939 2888   0  41  40
1937 2881   0  41  40
1936 2878   0  41  39
1935 2873   0  40  39
1935 2869   0  40  39
1932 2867   0  40  39
1932 2864   0  40  41
1929 2861   0  39  41
1929 2859   0  41  40
1929 2857   0  41  40
1929 2856   0  41  39
1928 2855   0  44  39
1927 2854   0  44  38
1925 2852   0  43  38
1925 2849   0  43  38
1924 2846   0  44  38
1922 2843   0  44  38
1919 2838   0  43  38
% 
% .PEN_DOWN
1916 2833   6  43  38
1912 2827   7  42  38
1907 2823  13  44  38
1901 2820  19  43  38
1893 2818  24  43  38
1887 2817  29  44  38
1883 2820  31  44  38
1877 2826  35  43  38
1870 2836  34  43  38
1868 2846  34  44  38
1867 2859  36  44  38
1870 2871  38  46  38
1873 2882  38  45  39
1881 2890  38  45  39
1889 2898  39  45  39
1901 2905  39  45  39
1913 2912  39  45  39
1924 2913  39  45  39
1937 2914  39  45  40
1947 2913  39  45  40
1956 2913  39  45  41
1962 2910  39  45  42
1968 2905  39  45  42
1972 2904  39  45  42
1975 2900  36  45  41
1977 2898  30  44  41
1978 2897  22  43  40
1978 2898  13  43  40
% 
% .PEN_UP
1978 2899   0  43  40
1977 2899   0  43  40
1974 2902   0  43  40
1972 2900   0  43  40
1969 2897   0  43  40
1965 2892   0  43  40
1961 2883   0  43  38
1957 2871   0  43  38
1953 2860   0  43  38
1948 2851   0  43  36
1944 2840   0  43  36
1940 2833   0  43  36
1936 2825   0  43  36
1932 2819   0  43  36
1928 2812   0  43  36
1925 2806   0  43  36
1923 2799   0  43  36
1921 2789   0  45  36
1920 2782   0  45  37
1917 2776   0  43  37
1914 2770   0  43  37
% 
% .PEN_DOWN
1912 2765  12  44  37
1913 2761  13  44  37
1914 2761  14  44  39
1917 2760  16  44  39
1922 2764  20  42  39
1929 2770  25  42  38
1937 2777  27  42  38
1945 2787  28  42  35
1952 2797  31  42  35
1958 2804  32  42  35
1961 2813  33  42  35
1964 2817  33  42  35
1964 2819  36  42  35
1964 2823  37  42  35
1961 2824  38  42  35
1958 2826  38  42  35
1953 2824  41  42  35
1948 2821  40  42  35
1942 2815  39  42  35
1937 2807  39  42  35
1933 2799  39  44  35
1929 2792  39  43  35
1929 2784  39  43  35
1931 2774  39  43  38
1934 2768  39  42  38
1940 2762  39  42  39
1946 2756  39  42  38
1953 2756  39  42  38
1960 2759  39  42  38
1968 2765  41  42  37
1975 2772  43  42  37
1982 2779  43  44  37
1988 2785  43  44  37
1989 2788  44  44  37
1992 2789  44  45  37
1995 2790  46  45  37
1996 2785  50  42  36
1997 2778  52  42  36
1996 2769  53  43  36
1995 2759  53  43  37
1992 2747  53  41  37
1991 2739  53  40  37
1991 2734  53  40  37
1991 2733  53  40  38
1992 2734  53  40  38
1994 2739  56  40  38
1999 2748  55  40  38
2002 2757  54  40  37
2007 2767  54  40  37
2012 2771  51  40  37
2017 2775  47  41  37
2019 2774  43  41  36
2021 2771  38  41  36
2023 2766  31  41  37
2024 2761  23  42  37
% 
% .PEN_UP
2026 2757   0  42  37
2029 2754   0  42  37
2032 2756   0  42  40
2034 2762   0  41  40
2037 2770   0  41  39
2042 2781   0  41  39
2046 2790   0  41  39
2053 2807   0  40  39
2065 2822   0  40  39
2076 2828   0  41  39
2093 2845   0  41  39
2110 2859   0  41  39
2128 2876   0  41  32
2144 2891   0  47  32
2161 2894   0  47  36
2175 2897   0  46  34
2185 2896   0  46  34
2194 2888   0  43  34
2200 2878   0  43  40
2206 2871   0  44  40
2208 2866   0  44  40
2210 2866   0  41  40
2208 2863   0  41  37
2205 2863   0  42  37
2202 2862   0  42  38
2196 2861   0  42  38
2189 2860   0  42  36
2182 2857   0  44  36
2174 2855   0  44  35
2165 2853   0  45  35
2157 2850   0  45  35
2152 2852   0  45  35
2148 2850   0  45  37
2145 2846   0  47  37
2143 2843   0  47  36
2140 2841   0  47  36
2138 2838   0  47  36
2135 2837   0  46  36
2134 2834   0  46  36
2132 2832   0  46  36
2130 2827   0  46  36
2127 2825   0  46  36
2126 2820   0  46  36
2124 2818   0  46  36
2122 2815   0  46  36
2121 2814   0  46  36
2120 2810   0  46  36
2118 2806   0  46  36
2116 2802   0  46  36
2113 2795   0  46  36
2111 2788   0  46  36
2106 2779   0  46  36
2104 2767   0  46  37
2099 2754   0  46  37
2096 2737   0  46  38
2093 2720   0  46  38
2088 2709   0  44  39
2085 2702   0  44  39
% 
% .PEN_DOWN
2082 2697  12  44  37
2083 2696  13  44  37
2084 2702  16  44  40
2089 2718  20  43  39
2096 2740  25  43  39
2106 2766  27  43  39
2119 2796  28  43  39
2135 2828  31  43  40
2151 2860  32  43  40
2165 2888  36  42  40
2174 2909  37  42  39
2182 2924  40  44  39
2186 2933  44  44  39
2188 2935  49  43  39
2189 2937  51  43  38
2189 2938  52  42  38
2188 2939  55  42  38
2186 2939  57  42  38
2183 2938  55  42  38
2181 2939  54  42  38
2181 2941  54  42  40
2180 2941  54  42  40
2178 2939  54  42  40
2179 2941  54  43  40
2179 2942  54  43  41
2178 2941  54  44  41
2177 2940  54  42  41
2178 2942  54  42  41
2178 2941  54  42  41
2177 2942  54  44  41
2179 2943  54  42  41
2178 2942  51  42  41
2178 2942  50  42  41
2178 2942  52  42  41
2179 2942  53  42  41
2179 2941  53  41  41
2178 2941  53  41  41
2178 2941  53  41  39
2177 2941  53  41  41
2178 2940  53  41  41
2178 2941  53  41  39
2177 2939  53  41  39
2178 2933  53  43  40
2178 2929  53  43  40
2177 2921  54  43  39
2177 2913  54  42  39
2177 2906  54  42  39
2179 2902  56  43  39
2181 2899  55  43  39
2185 2897  54  43  39
2190 2898  54  42  39
2197 2905  54  42  39
2206 2920  54  42  39
2211 2935  54  41  39
2217 2952  54  41  38
2218 2969  54  41  39
2219 2983  54  41  39
2216 2995  54  41  39
2210 3005  54  45  39
2201 3013  54  42  39
2190 3015  54  42  39
2178 3018  54  45  39
2166 3017  54  45  39
2155 3012  51  46  39
2145 3002  52  46  39
2136 2989  50  44  39
2128 2975  49  44  41
2122 2956  49  44  41
2118 2934  51  44  41
2116 2911  52  44  41
2116 2888  50  44  40
2119 2871  52  44  41
2125 2857  50  44  41
2131 2848  52  45  41
2139 2842  53  45  41
2146 2839  53  46  41
2149 2839  53  46  41
2151 2838  53  46  41
2151 2840  53  46  41
2148 2842  53  45  41
2143 2845  53  45  39
2136 2846  53  45  38
2127 2842  53  45  38
2119 2837  53  45  38
2110 2825  54  45  38
2103 2813  54  45  38
2096 2800  54  45  38
2091 2787  54  45  38
2088 2773  54  45  39
2090 2759  54  43  38
2092 2748  54  43  38
2096 2735  54  43  38
2103 2727  54  43  38
2110 2721  54  43  38
2118 2715  49  43  37
2126 2718  39  43  37
2136 2725  29  43  38
2147 2738  14  45  38
% 
% .PEN_UP
2161 2754   0  45  38
2171 2772   0  43  38
2182 2788   0  43  38
2192 2799   0  45  38
2201 2806   0  45  38
2207 2808   0  45  38
2211 2808   0  45  38
2212 2806   0  43  38
% 
% .PEN_DOWN
2211 2803  20  43  38
2207 2801  27  43  38
2204 2796  33  43  38
2202 2793  38  43  38
2197 2787  41  43  38
2194 2778  45  44  38
2192 2767  47  44  39
2189 2754  48  43  38
2188 2742  46  43  38
2184 2732  45  42  38
2184 2725  37  42  38
2185 2723  28  42  38
2185 2727  16  42  37
% 
% .PEN_UP
2189 2739   0  42  37
2195 2754   0  42  37
2198 2774   0  41  37
2201 2794   0  41  37
2205 2811   0  41  37
2209 2827   0  41  37
2213 2842   0  40  37
2216 2852   0  40  36
2220 2856   0  41  37
2225 2859   0  41  37
2226 2857   0  42  37
2225 2856   0  42  38
% 
% .PEN_DOWN
2223 2853  17  41  38
2223 2850  18  41  38
2221 2847  18  41  38
2222 2844  14  41  38
2224 2841   7  41  38
% 
% .PEN_UP
2228 2839   0  40  38
2234 2841   0  40  38
2240 2846   0  40  36
2245 2853   0  40  36
2253 2860   0  40  35
2261 2870   0  40  35
2270 2879   0  40  37
2276 2888   0  40  37
2281 2894   0  40  38
2291 2894   0  43  38
2301 2896   0  42  35
2312 2901   0  42  35
2321 2898   0  42  37
2328 2891   0  42  37
2332 2886   0  44  35
2333 2876   0  44  35
2333 2868   0  44  37
2332 2862   0  42  37
2331 2857   0  42  38
2328 2853   0  41  36
2325 2848   0  41  36
2317 2844   0  42  36
2308 2839   0  42  35
2299 2833   0  43  35
2291 2825   0  43  35
2283 2819   0  43  35
2275 2814   0  43  35
2266 2807   0  43  35
2258 2799   0  43  35
2252 2793   0  43  37
2248 2788   0  43  37
2248 2783   0  43  37
2246 2782   0  43  37
2244 2782   0  43  37
% 
% .PEN_DOWN
2244 2782  13  43  37
2245 2784  11  43  37
2250 2789  10  43  39
2257 2800  10  43  39
2265 2817   9  43  39
2275 2839  12  43  39
2286 2866  13  43  38
2297 2898  16  43  38
2307 2928  18  43  40
2316 2952  21  42  42
2324 2970  22  42  42
2329 2982  26  43  42
2331 2989  27  43  42
2333 2992  31  42  42
2331 2989  32  42  42
2328 2982  33  42  42
2323 2970  36  42  43
2318 2953  37  41  42
2313 2929  38  41  42
2307 2901  38  41  42
2299 2869  39  40  41
2292 2838  39  40  41
2285 2810  41  40  41
2281 2786  42  40  41
2276 2765  43  40  41
2275 2755  43  40  39
2274 2746  44  40  39
2275 2743  46  40  39
2276 2746  45  40  38
2279 2751  44  40  38
2283 2760  44  40  38
2288 2773  44  39  38
2295 2789  44  39  35
2300 2802  44  39  35
2304 2813  44  41  35
2310 2823  44  41  35
2311 2828  44  41  35
2315 2831  41  41  35
2318 2832  40  41  35
2320 2833  39  41  35
2324 2830  39  41  35
2326 2827  39  42  35
2328 2823  39  42  35
2329 2817  39  42  35
2329 2817  39  41  35
2329 2813  39  41  35
2326 2812  39  41  35
2324 2811  39  41  35
2320 2810  41  41  35
2314 2806  43  42  35
2310 2803  43  42  35
2306 2802  43  43  35
2303 2799  41  43  35
2300 2794  42  44  35
2297 2788  43  44  35
2295 2780  43  43  35
2296 2773  44  43  37
2295 2765  44  41  39
2298 2760  44  41  39
2302 2756  41  42  39
2308 2756  42  42  38
2315 2759  43  41  38
2323 2765  43  41  37
2332 2775  44  41  37
2338 2783  41  41  37
2340 2792  42  42  37
2342 2797  43  40  37
2341 2802  43  40  37
2340 2807  41  40  37
2336 2807  40  41  37
2334 2808  39  41  37
2331 2805  39  41  37
2327 2802  41  41  37
2323 2797  40  41  37
2322 2791  39  41  37
2321 2784  39  41  37
2322 2778  36  41  38
2327 2772  35  42  39
2333 2764  32  42  38
2341 2760  28  42  38
2353 2760  24  42  39
2366 2763  19  43  39
2380 2772  12  41  38
2393 2785   6  41  38
% 
% .PEN_UP
2408 2799   0  41  38
2420 2816   0  41  38
2426 2828   0  41  38
2431 2838   0  41  38
2432 2840   0  41  38
2432 2837   0  41  38
% 
% .PEN_DOWN
2428 2826   6  41  38
2420 2808  10  41  38
2409 2787  14  41  38
2396 2758  17  41  38
2382 2725  20  41  38
2366 2691  22  41  38
2348 2660  23  41  38
2329 2636  24  41  38
2308 2614  24  42  38
2287 2600  24  42  38
2264 2592  24  42  38
2237 2587  24  42  38
2206 2588  24  42  38
2174 2594  24  44  38
2145 2604  24  44  38
2119 2612  24  44  38
2100 2617  27  44  38
2088 2622  28  45  38
2084 2624  28  45  38
2087 2622  29  45  38
2101 2622  29  45  38
2125 2620  31  45  38
2165 2617  35  45  38
2213 2622  37  42  38
2267 2630  40  42  38
2329 2643  44  42  38
2388 2661  46  42  38
2445 2674  47  39  37
2494 2679  46  39  37
2530 2676  40  35  37
2552 2667  29  35  37
2563 2655  17  35  37
% 
