% .SEGMENT LETTER ? ? "0"
% 
% .PEN_DOWN
1649 2916  11  47  39
1647 2915  12  47  39
1646 2919  13  47  39
1646 2929  14  47  39
1650 2941  14  47  40
1655 2960  17  47  40
1660 2979  18  47  40
1668 2999  16  47  40
1674 3011  18  46  40
1678 3020  18  46  40
1682 3028  19  46  40
1684 3031  19  46  39
1685 3033  19  46  39
1685 3034  19  46  38
1685 3032  21  46  38
1684 3027  23  46  40
1684 3020  23  46  40
1683 3008  24  46  40
1682 2997  24  48  40
1682 2985  24  48  40
1685 2972  24  45  40
1689 2962  24  46  40
1696 2954  26  46  40
1704 2951  28  46  39
1715 2954  31  45  39
1725 2962  32  45  38
1738 2975  33  45  38
1750 2991  33  45  38
1759 3005  34  45  38
1766 3020  34  45  38
1770 3030  36  43  38
1771 3038  37  43  38
1771 3043  41  44  38
1769 3044  42  44  39
1767 3041  43  44  39
1762 3032  43  44  39
1757 3013  44  44  39
1748 2989  44  44  39
1737 2956  44  45  39
1725 2912  44  45  38
1712 2864  41  46  38
1698 2821  40  46  38
1687 2783  39  48  38
1678 2751  39  48  38
1672 2728  39  48  38
1669 2718  39  48  38
1669 2718  41  49  38
1668 2725  40  46  37
1668 2741  42  47  37
1669 2760  40  47  37
1668 2783  40  46  37
1667 2806  39  46  37
1665 2827  39  46  37
1662 2843  41  46  37
1662 2853  43  46  37
1660 2857  43  46  37
1659 2860  43  46  37
1659 2859  41  46  37
1659 2857  40  46  37
1659 2851  39  46  39
1661 2841  42  46  39
1665 2833  40  46  36
1672 2826  39  46  36
1680 2820  42  46  36
1691 2819  43  46  36
1707 2826  41  46  36
1726 2839  42  45  36
1746 2866  40  45  37
1766 2900  40  43  37
1786 2938  39  43  37
1801 2969  39  43  37
1809 2994  39  43  37
1815 3009  41  43  37
1816 3018  45  43  37
1815 3023  47  43  38
1810 3025  48  43  38
1803 3019  48  43  38
1797 3005  48  43  38
1787 2986  48  43  39
1776 2956  48  43  39
1765 2916  48  45  39
1751 2872  48  45  38
1739 2829  48  46  38
1730 2791  48  45  38
1725 2760  46  45  38
1725 2733  47  45  38
1730 2719  46  47  38
1737 2718  45  47  36
1747 2726  44  47  37
1758 2741  44  47  37
1766 2760  46  46  37
1772 2783  47  46  37
1777 2803  46  46  37
1779 2825  45  46  37
1776 2842  44  46  37
1773 2858  41  46  37
1769 2866  38  45  37
1765 2871  33  45  37
1764 2872  26  45  37
1764 2865  20  45  37
1766 2854  15  45  37
1770 2840   7  45  37
1777 2828   3  43  37
% 
% .PEN_UP
1784 2817   0  43  37
1796 2815   0  43  37
1809 2816   0  43  37
1824 2819   0  43  37
1840 2829   0  42  37
1857 2841   0  42  37
1869 2854   0  42  35
% 
% .PEN_DOWN
1876 2865  13  42  35
1879 2872  23  42  36
1880 2878  31  43  38
1879 2884  40  43  38
1879 2885  47  42  38
1878 2883  50  42  39
1874 2877  52  42  39
1870 2865  53  42  40
1863 2845  53  42  37
1855 2821  53  42  37
1846 2794  53  41  37
1837 2766  53  41  37
1829 2737  53  43  37
1824 2715  53  43  36
1822 2705  53  43  36
1822 2704  53  43  37
1823 2711  53  45  37
1824 2732  54  45  38
1826 2759  54  46  38
1828 2794  54  46  38
1828 2832  51  45  38
1827 2874  50  46  39
1823 2913  52  45  39
1822 2938  50  45  38
1822 2955  52  46  38
1820 2962  50  46  40
1820 2965  52  46  40
1822 2964  50  46  40
1825 2962  49  44  40
1832 2959  49  44  40
1842 2953  51  44  39
1856 2947  50  44  39
1870 2945  47  44  39
1887 2941  43  44  38
1902 2939  36  42  38
1915 2937  27  40  38
1927 2938  18  40  38
1936 2938   9  40  40
% 
% .PEN_UP
1943 2938   0  40  40
1946 2934   0  40  39
1944 2932   0  40  39
1937 2920   0  40  41
1927 2909   0  40  41
1913 2894   0  40  38
1897 2876   0  41  38
1886 2856   0  41  38
1875 2837   0  43  38
1866 2814   0  43  38
1859 2793   0  48  38
1856 2773   0  48  38
1856 2757   0  45  38
1855 2746   0  43  38
% 
% .PEN_DOWN
1856 2739  23  43  38
1861 2732  23  43  38
1869 2731  24  43  38
1879 2734  26  43  38
1892 2742  28  43  38
1905 2754  28  43  38
1914 2765  31  42  38
1921 2779  35  42  38
1928 2793  37  41  38
1931 2801  38  41  38
1933 2809  38  41  38
1933 2817  39  41  38
1930 2825  39  41  38
1927 2828  39  42  36
1922 2829  41  42  36
1918 2828  42  42  37
1912 2821  43  43  37
1906 2812  43  43  37
1899 2801  41  42  37
1894 2792  42  42  37
1890 2782  41  43  37
1889 2770  40  43  39
1890 2764  39  43  39
1895 2756  39  42  38
1902 2750  39  42  38
1910 2751  39  42  37
1918 2752  39  42  37
1930 2758  39  42  39
1940 2768  39  42  39
1947 2777  39  42  39
1953 2785  41  42  39
1956 2789  40  42  39
1958 2789  39  42  39
1959 2791  42  42  39
1959 2790  43  42  39
1961 2788  43  42  39
1961 2781  43  42  39
1959 2770  46  42  39
1957 2756  47  42  39
1956 2741  48  42  38
1954 2726  48  42  38
1955 2716  48  42  38
1955 2714  48  42  38
1956 2716  48  42  39
1958 2724  48  42  39
1963 2739  48  42  38
1969 2757  48  42  38
1975 2770  48  42  38
1979 2780  48  43  38
1982 2785  49  43  38
1984 2785  49  42  38
1985 2786  49  41  38
1986 2781  49  41  38
1988 2778  46  41  38
1990 2770  45  39  35
1990 2760  42  39  37
1993 2751  38  40  37
1994 2744  33  40  35
1999 2741  26  40  35
2008 2741  18  40  35
% 
% .PEN_UP
2021 2750   0  39  35
2036 2764   0  40  36
2053 2784   0  40  36
2068 2804   0  40  36
2085 2825   0  38  36
2102 2851   0  38  35
2118 2873   0  38  36
2133 2888   0  38  36
2146 2901   0  40  36
2161 2913   0  40  36
2168 2915   0  40  36
2173 2914   0  40  38
2174 2912   0  40  38
2174 2905   0  40  39
2168 2896   0  42  39
2161 2888   0  43  38
2155 2879   0  43  38
2149 2867   0  43  38
2142 2858   0  43  38
2134 2851   0  43  38
2126 2843   0  45  36
2120 2834   0  45  36
2116 2828   0  45  36
2112 2824   0  45  36
2107 2819   0  45  36
2103 2814   0  45  36
2100 2810   0  45  36
2098 2805   0  45  36
2093 2798   0  45  36
2089 2793   0  45  36
2085 2787   0  45  36
2081 2780   0  45  36
2079 2769   0  44  37
2074 2754   0  44  37
2072 2741   0  43  37
2068 2730   0  43  37
2066 2723   0  42  37
% 
% .PEN_DOWN
2064 2720  15  42  38
2065 2719  20  42  38
2067 2723  22  42  38
2072 2738  25  41  38
2081 2759  27  42  37
2096 2790  30  41  37
2111 2826  35  41  37
2129 2868  37  42  37
2145 2904  38  42  38
2158 2931  41  42  38
2165 2951  45  42  38
2169 2962  49  42  37
2171 2968  51  42  37
2172 2973  52  42  37
2171 2975  53  42  36
2171 2978  53  42  36
2171 2978  53  42  36
2168 2978  53  42  36
2166 2976  53  41  36
2163 2971  53  42  36
2160 2966  53  42  38
2159 2958  53  41  38
2159 2952  51  41  37
2162 2945  47  41  37
2167 2941  46  41  37
2171 2937  45  41  37
2178 2940  44  41  37
2183 2946  46  42  37
2189 2956  47  42  37
2193 2968  48  43  37
2194 2982  51  43  37
2193 2994  52  43  37
2190 3003  53  41  37
2183 3014  53  41  37
2173 3025  53  41  37
2161 3033  53  43  37
2149 3038  53  43  39
2138 3036  53  41  39
2127 3032  53  41  40
2119 3023  53  41  40
2109 3008  53  41  40
2102 2993  53  41  40
2096 2974  54  41  38
2094 2954  54  41  38
2092 2933  54  41  38
2094 2914  51  41  38
2099 2900  50  41  38
2106 2891  49  41  38
2113 2886  49  41  39
2120 2885  49  41  37
2125 2886  51  41  37
2129 2888  52  42  37
2130 2888  53  42  37
2131 2891  56  42  37
2129 2893  57  41  36
2125 2895  58  41  36
2119 2893  58  41  38
2109 2887  58  41  38
2099 2875  58  41  37
2089 2859  58  41  37
2078 2841  58  41  37
2071 2826  58  41  37
2066 2808  56  41  37
2064 2795  55  44  37
2062 2784  54  44  37
2065 2772  54  44  37
2070 2760  54  44  37
2078 2753  51  44  37
2085 2750  47  44  37
2095 2750  38  44  37
2105 2755  31  44  37
2115 2766  23  44  37
2126 2780  13  44  37
2137 2794   6  44  37
% 
% .PEN_UP
2147 2807   0  44  37
2152 2817   0  42  38
2156 2823   0  42  38
% 
% .PEN_DOWN
2160 2825   4  42  38
2160 2823  12  42  38
2160 2822  20  41  38
2159 2816  27  43  38
2156 2809  33  43  38
2154 2798  38  43  38
2151 2789  41  42  38
2149 2779  45  42  38
2147 2770  47  41  38
2145 2762  48  41  37
2144 2755  46  41  37
2143 2751  37  41  37
2145 2751  28  40  37
2148 2756  16  40  35
% 
% .PEN_UP
2153 2768   0  41  35
2162 2788   0  41  35
2168 2809   0  40  35
2172 2834   0  40  35
2177 2860   0  41  35
2183 2878   0  43  36
2186 2895   0  43  36
2190 2906   0  43  36
2189 2910   0  41  36
2188 2912   0  41  37
% 
% .PEN_DOWN
2186 2911  23  42  38
2182 2907  23  42  38
2180 2901  24  42  38
2179 2893  24  42  39
2177 2886  21  44  37
2179 2875  13  44  37
% 
% .PEN_UP
2185 2868   0  43  37
2191 2866   0  43  39
2199 2871   0  42  39
2207 2877   0  40  40
2219 2886   0  40  40
2234 2899   0  40  38
2251 2912   0  40  38
2266 2928   0  40  37
2279 2938   0  41  39
2291 2947   0  41  39
2298 2946   0  43  39
2302 2939   0  43  41
2302 2928   0  45  39
2297 2908   0  45  39
2290 2887   0  45  39
2283 2864   0  45  36
2271 2839   0  44  36
2260 2812   0  44  36
2248 2792   0  44  36
2236 2774   0  44  38
2228 2758   0  42  38
2223 2742   0  42  38
2220 2733   0  42  38
2221 2729   0  44  36
2221 2729   0  44  36
% 
% .PEN_DOWN
2221 2736  22  44  37
2226 2752  23  43  37
2236 2776  23  43  37
2248 2808  26  43  37
2262 2846  25  43  36
2277 2888  25  43  36
2289 2926  24  43  37
2299 2955  27  40  37
2307 2974  28  40  37
2309 2985  31  38  37
2310 2989  32  38  37
2310 2991  36  39  37
2309 2992  37  39  37
2307 2988  35  42  37
2305 2977  35  43  37
2299 2959  37  43  37
2291 2934  38  43  37
2283 2899  38  41  37
2274 2862  38  41  37
2267 2825  39  41  37
2260 2792  39  41  37
2253 2764  39  41  37
2250 2738  39  41  37
2248 2723  41  41  37
2248 2715  40  41  36
2248 2711  42  41  36
2251 2714  40  41  36
2255 2724  42  41  36
2261 2741  43  41  35
2266 2764  43  41  35
2273 2788  41  41  35
2279 2803  40  40  35
2284 2816  37  40  35
2288 2824  35  41  36
2291 2828  32  41  36
2292 2828  31  40  36
2294 2828  30  40  37
2296 2824  29  42  37
2297 2820  29  41  37
2298 2814  31  41  37
2297 2810  33  41  37
2296 2804  36  39  37
2295 2799  40  39  37
2293 2795  42  39  37
2291 2792  43  39  37
2287 2790  43  41  37
2285 2789  43  41  37
2282 2785  44  40  37
2279 2782  44  40  37
2277 2780  44  39  37
2275 2775  41  39  37
2275 2770  40  39  35
2274 2762  39  39  35
2275 2756  37  39  35
2276 2751  33  39  36
2277 2749  31  41  36
2281 2749  30  42  37
2284 2754  29  42  37
2289 2762  29  42  39
2293 2770  29  43  39
2296 2779  29  43  39
2298 2790  29  43  39
2300 2798  29  43  39
2299 2801  31  42  39
2299 2803  33  42  39
2298 2804  33  41  39
2297 2806  36  41  39
2297 2804  35  42  39
2295 2801  34  42  39
2294 2793  32  41  39
2292 2783  33  42  39
2292 2772  31  42  39
2294 2760  30  42  40
2298 2751  27  41  40
2305 2747  25  41  38
2316 2747  25  43  38
2331 2756  24  43  38
2347 2773  22  41  38
2367 2800  20  41  38
2387 2833  20  38  38
2404 2873  19  38  38
2416 2908  19  38  38
2425 2934  19  38  38
2428 2949  19  39  38
2429 2955  24  39  39
2429 2958  27  39  40
2427 2956  28  39  40
2424 2949  31  39  40
2422 2937  30  39  39
2417 2915  32  39  39
2411 2888  33  39  37
2408 2859  33  39  37
2403 2830  34  39  36
2398 2804  34  39  37
2397 2782  31  39  36
2397 2764  25  39  36
2400 2750  20  39  37
2401 2738  17  39  37
2401 2730  16  39  38
2399 2725  15  39  38
2395 2719  12  39  38
2386 2711  11  39  38
2371 2702  10  39  39
2347 2690  10  40  38
2318 2675   7  40  38
2286 2661   6  40  38
2247 2646   5  41  38
2203 2634   5  41  38
2159 2624   7  41  38
2116 2618   8  41  38
2073 2613  11  41  38
2039 2611  15  43  38
2013 2614  22  43  38
1998 2620  28  43  38
1991 2625  31  43  36
1992 2631  32  45  36
2006 2639  33  43  37
2034 2646  33  43  37
2072 2654  34  43  37
2116 2659  36  43  37
2170 2664  40  43  39
2224 2669  42  39  36
2281 2670  45  39  36
2337 2666  47  39  36
2384 2665  48  39  36
2426 2664  48  36  39
2463 2662  48  36  39
2493 2661  44  34  39
2511 2657  36  34  38
2520 2657  25  35  38
2524 2658  12  33  38
% 
