% .SEGMENT LETTER ? ? "0"
% 
% .PEN_DOWN
1580 2885   6  45  38
1577 2881  10  45  37
1574 2879  14  45  37
1572 2877  19  45  37
1571 2876  24  45  39
1570 2877  29  45  39
1568 2882  34  45  39
1569 2886  36  45  39
1569 2896  38  47  39
1572 2911  38  44  39
1576 2927  38  44  39
1583 2943  39  44  38
1589 2957  39  45  38
1595 2971  39  45  39
1600 2981  39  46  40
1601 2985  44  46  40
1602 2988  46  46  40
1603 2989  47  46  40
1603 2988  48  46  40
1603 2986  48  45  40
1603 2983  51  45  40
1601 2977  52  45  40
1600 2969  53  44  40
1599 2959  53  44  41
1600 2948  53  44  41
1602 2936  53  44  40
1606 2925  53  44  37
1612 2916  53  44  38
1618 2910  53  43  38
1627 2907  53  43  37
1636 2908  53  43  37
1645 2917  53  43  37
1655 2931  54  43  37
1661 2949  54  43  37
1668 2967  54  43  37
1672 2981  54  44  37
1674 2992  54  44  37
1674 2998  54  44  37
1673 3002  54  43  39
1671 3003  54  43  37
1669 3000  54  43  37
1665 2995  54  43  39
1661 2982  51  43  39
1654 2966  52  43  40
1648 2944  53  43  40
1642 2916  53  43  40
1633 2882  51  42  40
1624 2850  52  43  40
1616 2819  53  43  40
1608 2792  51  43  38
1602 2768  50  45  38
1599 2750  52  45  38
1597 2738  50  46  38
1596 2732  52  46  36
1594 2732  53  46  36
1590 2738  53  46  37
1589 2747  53  44  37
1585 2756  53  43  37
1581 2767  53  43  37
1579 2777  53  43  37
1574 2783  53  43  37
1573 2789  53  43  37
1570 2792  53  44  37
1568 2795  53  44  37
1566 2796  54  44  37
1567 2796  54  44  37
1568 2797  54  43  37
1572 2797  54  45  37
1579 2798  54  45  37
1588 2800  54  45  37
1600 2802  54  45  37
1614 2805  54  45  37
1630 2812  54  45  37
1645 2820  51  45  37
1660 2832  50  46  38
1675 2852  49  46  35
1690 2880  46  43  35
1704 2909  45  43  38
1714 2937  44  44  38
1722 2960  44  44  39
1726 2975  44  45  39
1725 2984  44  45  39
1723 2989  44  45  39
1715 2988  44  45  40
1707 2983  46  44  40
1698 2971  47  44  40
1688 2952  50  43  40
1677 2927  49  43  40
1669 2896  49  43  40
1662 2866  51  43  40
1656 2838  50  43  38
1651 2811  49  43  38
1648 2788  51  43  38
1648 2766  50  43  38
1650 2750  52  43  38
1654 2742  50  43  38
1659 2739  49  43  38
1666 2744  49  43  36
1674 2755  49  43  36
1679 2769  49  43  34
1684 2784  46  45  34
1687 2798  45  45  34
1687 2810  44  44  34
1686 2817  42  44  34
1682 2825  38  43  34
1679 2829  36  43  34
1676 2828  32  43  34
1674 2825  26  43  34
1674 2820  17  45  34
1676 2811   8  45  34
% 
% .PEN_UP
1681 2806   0  46  34
1687 2803   0  46  34
1695 2801   0  46  34
1707 2806   0  46  34
1720 2810   0  42  34
1732 2818   0  41  34
1747 2823   0  41  34
1765 2833   0  41  34
1783 2843   0  41  34
1798 2852   0  41  34
1810 2856   0  45  34
1817 2857   0  45  34
1825 2844   0  47  34
1830 2838   0  47  34
1830 2824   0  51  34
1831 2810   0  51  34
1830 2798   0  53  34
1828 2788   0  53  40
1827 2784   0  51  40
1825 2786   0  51  40
1825 2790   0  51  40
1823 2795   0  51  40
1822 2799   0  51  40
1820 2803   0  51  40
1819 2805   0  51  40
1817 2812   0  51  40
1817 2813   0  51  40
1817 2817   0  51  40
1820 2824   0  51  40
1823 2831   0  51  39
1827 2837   0  49  38
1827 2844   0  49  38
% 
% .PEN_DOWN
1826 2849  19  48  38
1827 2850  22  48  38
1827 2850  23  47  38
1827 2850  23  47  38
1827 2847  26  47  38
1827 2840  28  47  38
1827 2831  31  47  38
1826 2818  32  47  38
1823 2804  35  47  38
1820 2789  37  47  37
1816 2770  38  47  37
1813 2750  41  47  38
1810 2733  42  47  38
1807 2720  45  47  37
1804 2714  49  47  37
1802 2718  51  47  38
1801 2731  50  47  38
1798 2749  52  47  38
1796 2771  50  47  38
1796 2796  49  47  38
1794 2819  49  47  39
1787 2841  49  47  39
1780 2865  49  46  39
1774 2884  49  46  41
1771 2896  49  45  41
1768 2902  49  45  40
1767 2906  49  46  40
1770 2908  49  46  39
1774 2909  49  45  41
1784 2909  49  45  41
1796 2909  49  45  41
1811 2908  49  45  42
1824 2905  49  46  41
1838 2901  49  46  41
1852 2895  46  43  41
1866 2891  40  44  39
1879 2886  32  45  39
1888 2882  23  45  38
1897 2879  14  44  38
% 
% .PEN_UP
1903 2876   0  44  37
1905 2872   0  44  38
1902 2867   0  44  38
1893 2861   0  43  38
1884 2854   0  43  38
1873 2843   0  43  38
1861 2828   0  44  38
1849 2814   0  44  38
1838 2801   0  44  38
1829 2783   0  44  38
1822 2767   0  44  38
1816 2753   0  44  38
% 
% .PEN_DOWN
1811 2742   9  44  38
1808 2738  12  44  38
1809 2734  13  44  40
1814 2734  16  44  40
1821 2736  20  44  39
1831 2744  22  44  39
1842 2752  26  44  38
1856 2761  27  44  38
1869 2770  31  44  37
1878 2779  32  45  37
1886 2785  33  44  37
1891 2792  36  44  37
1893 2797  37  44  37
1894 2804  38  45  37
1892 2810  38  45  37
1889 2812  41  45  37
1884 2814  42  45  37
1879 2815  43  43  37
1874 2814  43  43  37
1867 2808  44  44  37
1862 2799  44  46  37
1856 2791  44  46  37
1852 2780  44  46  37
1850 2769  44  45  37
1850 2760  44  44  39
1852 2750  44  44  39
1860 2744  44  44  39
1867 2741  44  43  37
1876 2740  44  43  38
1889 2746  44  43  38
1903 2756  46  43  37
1915 2768  45  42  37
1924 2778  47  42  37
1931 2785  48  42  37
1934 2788  48  42  37
1936 2790  46  42  37
1936 2790  47  41  37
1936 2788  48  41  37
1935 2783  51  41  37
1931 2772  52  43  38
1927 2759  53  43  37
1922 2747  53  42  37
1919 2735  53  42  38
1917 2732  53  42  38
1918 2728  53  41  36
1918 2729  51  41  36
1921 2734  50  41  39
1924 2743  52  42  39
1930 2753  53  42  38
1935 2764  53  42  37
1940 2769  51  42  37
1944 2774  52  42  37
1947 2775  50  42  37
1949 2773  49  42  37
1950 2768  47  42  37
1952 2761  40  42  37
1952 2757  32  42  37
1953 2754  23  42  38
1954 2751  11  42  38
% 
% .PEN_UP
1958 2750   0  42  38
1960 2752   0  42  38
1963 2759   0  42  38
1967 2767   0  42  38
1974 2777   0  46  38
1981 2784   0  43  38
1989 2793   0  43  38
2003 2800   0  43  38
2020 2816   0  41  38
2035 2829   0  41  32
2049 2839   0  37  32
2065 2857   0  37  33
2080 2867   0  37  33
2093 2874   0  37  33
2101 2889   0  37  33
2113 2890   0  37  38
2119 2897   0  37  38
2122 2890   0  37  36
2128 2887   0  41  36
2135 2877   0  41  35
2135 2866   0  45  35
2134 2849   0  45  35
2132 2840   0  45  35
2129 2833   0  45  35
2125 2831   0  45  35
2121 2832   0  45  35
2118 2837   0  45  35
2113 2841   0  45  37
2108 2841   0  45  37
2098 2840   0  45  36
2088 2839   0  43  36
2080 2837   0  43  36
2072 2834   0  43  36
2067 2831   0  43  36
2060 2831   0  43  36
2058 2830   0  43  36
2055 2829   0  44  36
2052 2831   0  45  36
2049 2828   0  45  36
2047 2827   0  45  36
2046 2826   0  44  36
2043 2824   0  44  36
2041 2818   0  46  36
2039 2815   0  46  36
2038 2810   0  43  36
2035 2804   0  43  36
2034 2799   0  45  36
2035 2798   0  44  36
2035 2796   0  44  36
2032 2793   0  44  36
2032 2791   0  44  36
2029 2785   0  45  34
2026 2781   0  45  34
2021 2774   0  45  36
2017 2766   0  46  36
2013 2752   0  46  38
2009 2738   0  47  38
2009 2722   0  46  38
2008 2712   0  46  38
2005 2706   0  46  39
% 
% .PEN_DOWN
2004 2704  14  45  39
2006 2709  17  44  40
2008 2721  20  44  40
2015 2740  22  44  41
2025 2766  23  45  41
2038 2794  26  45  41
2053 2822  30  43  42
2067 2851  32  43  42
2078 2879  35  42  42
2088 2901  37  42  40
2093 2919  43  42  40
2098 2929  46  42  41
2101 2934  47  42  41
2101 2937  50  42  41
2101 2937  52  42  41
2102 2939  53  42  41
2102 2939  53  42  41
2099 2937  53  42  41
2098 2933  53  42  41
2099 2930  53  42  40
2097 2922  53  42  39
2096 2914  53  42  39
2095 2905  53  42  39
2095 2897  53  42  40
2097 2888  56  42  40
2100 2881  55  42  40
2102 2878  54  42  40
2107 2884  54  42  40
2111 2891  54  42  40
2118 2907  54  42  39
2122 2924  54  42  40
2126 2943  54  42  40
2128 2959  54  42  40
2127 2972  54  42  40
2123 2985  54  42  40
2119 2992  51  42  40
2112 2999  50  42  40
2103 3002  49  42  40
2093 3004  49  45  40
2082 3003  49  45  40
2072 2999  51  46  40
2061 2990  52  46  40
2050 2976  53  44  40
2044 2958  53  45  40
2039 2938  53  45  40
2035 2916  53  45  40
2035 2894  53  45  40
2036 2874  53  45  40
2041 2859  53  45  40
2047 2849  53  44  39
2055 2843  51  44  39
2063 2840  50  44  39
2069 2841  49  44  39
2073 2844  49  44  38
2075 2847  49  44  38
2074 2853  49  44  38
2069 2858  51  43  38
2064 2861  52  43  38
2054 2862  53  43  38
2041 2856  53  43  39
2029 2848  53  43  39
2017 2835  53  43  39
2009 2824  53  45  39
2003 2812  53  44  39
2000 2802  53  44  39
1999 2790  53  44  40
2001 2778  53  45  40
2005 2767  53  45  39
2012 2755  54  44  38
2020 2743  51  44  38
2029 2738  47  43  38
2039 2731  41  43  38
2049 2730  32  43  38
2061 2735  21  42  40
2072 2745  10  42  40
% 
% .PEN_UP
2082 2762   0  42  38
2092 2776   0  42  38
2100 2793   0  42  38
2108 2803   0  42  38
2115 2812   0  42  38
2121 2817   0  42  38
2123 2820   0  42  38
2123 2820   0  42  38
% 
% .PEN_DOWN
2122 2819  22  42  38
2121 2819  28  42  38
2120 2817  33  42  38
2117 2812  38  42  38
2113 2805  43  42  38
2111 2797  46  42  37
2108 2786  47  42  37
2104 2773  48  42  37
2102 2762  48  42  37
2100 2753  48  42  37
2100 2745  44  42  36
2100 2739  34  42  36
2102 2737  24  42  35
2106 2745  12  42  38
% 
% .PEN_UP
2112 2759   0  42  38
2118 2778   0  42  38
2120 2796   0  42  38
2123 2813   0  42  38
2125 2831   0  44  36
2128 2850   0  44  36
2129 2866   0  44  37
2131 2877   0  45  37
2133 2884   0  46  39
2133 2887   0  46  39
2130 2889   0  46  39
% 
% .PEN_DOWN
2127 2886  18  46  39
2126 2884  18  46  40
2125 2883  16  46  38
2125 2877  13  46  38
2125 2870   9  46  38
% 
% .PEN_UP
2128 2862   0  46  40
2131 2856   0  45  40
2137 2850   0  45  39
2144 2849   0  45  39
2151 2850   0  45  37
2160 2856   0  45  37
2171 2862   0  42  38
2182 2876   0  42  38
2193 2880   0  42  35
2204 2888   0  41  35
2216 2896   0  41  34
2230 2903   0  41  34
2242 2907   0  41  36
2251 2907   0  41  36
2255 2901   0  41  38
2258 2889   0  41  38
2257 2870   0  41  36
2257 2851   0  41  36
2253 2835   0  41  36
2251 2819   0  41  36
2249 2813   0  41  36
2244 2810   0  42  36
2239 2806   0  42  36
2233 2800   0  40  36
2222 2796   0  40  36
2211 2794   0  41  36
2205 2795   0  41  36
2196 2795   0  43  36
2191 2798   0  43  36
2185 2800   0  44  36
2182 2803   0  44  36
2178 2802   0  46  36
2174 2802   0  46  36
2171 2800   0  47  36
2167 2797   0  47  36
2163 2793   0  47  36
2160 2787   0  47  37
2157 2780   0  46  40
2156 2770   0  46  40
2155 2760   0  47  40
2155 2751   0  47  39
2155 2746   0  46  39
% 
% .PEN_DOWN
2155 2747   7  46  38
2157 2749   8  45  38
2161 2760   9  45  38
2169 2776  11  45  38
2179 2795  15  45  38
2191 2819  17  44  39
2204 2848  23  44  39
2216 2881  26  43  39
2226 2911  28  43  40
2235 2938  31  42  40
2239 2956  32  42  40
2243 2971  35  42  40
2243 2977  40  42  40
2243 2981  44  42  40
2242 2983  46  42  40
2240 2980  47  42  40
2237 2972  48  42  40
2234 2958  48  43  40
2229 2936  48  43  39
2223 2909  46  43  39
2217 2877  47  44  39
2209 2845  46  44  39
2201 2815  45  44  37
2194 2786  44  43  37
2190 2760  44  43  38
2188 2740  44  42  38
2189 2728  46  42  38
2189 2723  47  42  38
2193 2723  48  42  38
2196 2730  48  42  38
2203 2747  48  43  37
2210 2766  48  43  37
2217 2784  48  43  37
2224 2800  46  42  37
2228 2810  45  42  37
2232 2819  44  42  37
2236 2824  44  42  37
2238 2829  44  42  37
2241 2829  44  42  37
2242 2829  41  42  37
2244 2826  40  42  37
2246 2822  42  42  37
2247 2817  40  42  37
2247 2814  40  42  37
2247 2812  39  42  37
2247 2810  41  42  37
2245 2809  40  42  37
2244 2805  39  42  37
2241 2805  39  42  37
2240 2801  39  42  37
2235 2800  39  44  37
2231 2795  39  44  37
2227 2787  39  44  39
2223 2778  39  44  39
2219 2769  39  44  40
2216 2763  39  44  40
2216 2757  36  44  39
2216 2753  33  44  39
2219 2751  31  44  38
2224 2753  30  44  38
2230 2756  32  44  39
2237 2763  30  44  39
2245 2771  32  44  38
2253 2780  33  44  38
2257 2786  33  44  38
2259 2792  34  44  38
2260 2795  34  44  38
2261 2797  34  44  38
2258 2799  36  44  38
2257 2798  37  44  38
2257 2799  38  44  38
2255 2800  38  44  38
2254 2796  39  44  38
2253 2790  39  44  37
2253 2784  36  44  37
2256 2776  33  44  37
2258 2769  31  44  37
2264 2762  25  44  37
2271 2756  20  44  39
2280 2754  14  44  39
2292 2758   9  44  38
2306 2767   4  44  38
% 
% .PEN_UP
2322 2782   0  44  38
2336 2798   0  43  38
2347 2815   0  43  38
2354 2826   0  43  38
2356 2833   0  43  38
2355 2834   0  43  38
% 
% .PEN_DOWN
2349 2829   2  44  38
2340 2819   3  44  38
2325 2804   6  44  38
2308 2780  10  44  38
2291 2750  12  44  38
2271 2712  16  44  36
2248 2676  17  44  36
2222 2642  18  44  36
2192 2612  21  44  36
2161 2585  25  43  35
2134 2566  27  43  35
2109 2553  30  43  35
2087 2549  32  43  36
2065 2554  33  44  36
2048 2560  36  44  37
2035 2567  37  45  37
2028 2572  38  45  37
2026 2578  38  43  37
2034 2582  39  43  37
2052 2587  39  44  37
2080 2596  41  44  37
2117 2606  45  42  37
2165 2619  47  42  37
2217 2637  48  42  37
2267 2654  48  42  37
2320 2671  48  40  37
2366 2682  48  40  37
2401 2687  48  40  37
2425 2682  44  40  37
2439 2673  36  38  37
2447 2664  28  38  37
2451 2656  16  40  37
% 
