% .PEN_DOWN
1787 2967   2  44  38
1786 2969   3  44  38
1785 2971   4  45  37
1785 2973   4  45  37
1784 2974   4  45  37
1782 2977   7  43  37
1781 2978   8  44  39
1778 2980   9  44  39
1776 2982   9  44  40
1773 2983   9  44  40
1770 2984  12  44  41
1764 2985  13  45  41
1759 2989  14  45  41
1751 2991  14  47  41
1742 2992  14  47  41
1732 2992  14  48  41
1721 2991  14  47  41
1712 2988  14  47  41
1703 2983  14  47  39
1694 2976  14  47  39
1684 2966  14  47  41
1676 2954  17  47  38
1668 2938  18  47  38
1662 2920  18  47  38
1657 2898  19  47  37
1653 2876  19  47  36
1651 2859  17  47  36
1652 2840  18  47  36
1655 2824  18  47  36
1657 2813  19  47  36
1661 2802  19  47  36
1667 2793  17  46  36
1673 2788  15  46  34
1680 2783  15  46  34
1688 2782  15  47  34
1697 2782  14  47  34
1704 2783  14  47  33
1711 2787  14  47  33
1717 2791  14  48  33
1723 2796  14  48  33
1728 2803  14  48  33
1732 2811  14  49  35
1735 2820  12  49  33
1738 2827  13  49  33
1738 2836  14  49  35
1738 2843  14  49  35
1739 2849  14  49  36
1738 2852  14  49  36
1737 2854  14  49  37
1736 2854  14  47  37
1737 2853  17  48  35
1738 2848  18  48  35
1740 2839  16  48  35
1745 2829  15  48  35
1750 2820  17  48  35
1757 2810  18  46  34
1764 2798  19  46  34
1770 2784  19  44  34
1778 2768  19  44  34
1786 2748  19  44  34
1792 2727  17  44  33
1796 2708  18  44  33
1799 2691  18  44  33
1800 2674  19  44  33
1800 2661  16  44  34
1801 2650  18  44  34
1800 2640  16  44  34
1796 2630  15  44  34
1793 2623  15  44  34
1788 2618  14  44  34
1784 2613  14  47  34
1779 2613  14  47  34
1773 2613  14  47  34
1767 2618  14  46  34
1761 2629  14  47  34
1756 2643  14  47  34
1753 2665  14  47  35
1752 2691  14  47  37
1753 2722  14  47  37
1758 2751  12  46  37
1763 2776  11  46  37
1769 2798  10  47  37
1775 2814  10  47  37
1782 2832   9  47  37
1789 2848   9  47  35
1796 2868   9  47  35
1803 2887   9  47  38
1809 2903  12  47  38
1815 2922  11  47  38
1818 2941  10  47  38
1821 2957  10  47  38
1822 2971  12  47  38
1823 2982  13  47  38
1821 2991  14  47  38
1817 2995  14  47  38
1812 2999  14  47  38
1805 3002  17  47  38
1796 3002  18  47  38
1785 3002  18  47  38
1771 3001  19  47  38
1758 2998  19  47  38
1744 2994  17  46  38
1732 2989  18  46  38
1720 2983  18  47  38
1708 2976  19  47  38
1698 2965  16  47  38
1691 2952  15  47  38
1686 2938  15  47  39
1685 2924  15  47  39
1686 2911  14  47  39
1689 2900  14  48  39
1695 2889  14  47  39
1703 2880  14  47  38
1713 2875  12  48  38
1722 2870  13  48  38
1730 2864  11  48  37
1736 2861  13  48  37
1740 2856  13  47  37
1742 2848  14  47  36
1740 2840  14  48  36
1736 2830  14  48  36
1729 2817  14  48  36
1720 2804  14  48  36
1712 2791  14  48  36
1706 2779  14  48  35
1702 2768  14  47  35
1702 2759  14  47  35
1705 2751  14  48  35
1712 2743  17  48  35
1722 2738  18  47  35
1736 2737  18  47  35
1750 2740  19  46  35
1765 2745  19  46  34
1780 2754  17  46  34
1793 2764  15  46  34
1806 2774  15  46  34
1819 2786  15  46  34
1831 2799  14  44  34
1845 2814  14  44  34
1860 2830  14  45  35
1873 2846  14  45  35
1886 2859  14  46  35
1896 2869  14  46  36
1901 2875  14  45  38
1903 2877  14  45  38
1901 2877  17  46  38
1897 2871  18  45  38
1890 2865  18  46  38
1882 2855  19  46  34
1875 2846  19  45  34
1870 2839  19  45  34
1867 2832  19  45  34
1868 2826  19  45  34
1874 2821  19  45  34
1880 2816  19  45  34
1891 2814  21  44  34
1903 2811  23  43  34
1915 2808  23  43  34
1928 2805  24  43  34
1940 2803  24  43  34
1951 2798  21  43  34
1962 2794  23  43  33
1968 2788  23  43  33
1973 2784  21  43  33
1975 2780  20  43  33
1974 2772  20  43  33
1972 2764  19  43  33
1968 2757  19  43  33
1961 2750  19  43  34
1954 2740  19  43  34
1946 2732  19  43  35
1937 2725  19  43  35
1931 2719  19  43  35
1926 2717  19  44  35
1924 2717  19  44  35
1923 2719  19  44  35
1927 2726  19  44  35
1933 2735  19  44  35
1940 2746  19  44  32
1950 2760  19  44  35
1960 2773  19  44  35
1970 2786  19  45  35
1980 2800  19  44  35
1989 2810  19  44  35
1998 2824  19  44  35
2007 2839  19  44  35
2015 2853  19  44  34
2019 2865  22  45  35
2018 2873  23  45  35
2014 2878  23  44  35
2008 2878  24  44  36
2000 2877  24  44  36
1992 2870  24  43  35
1986 2863  24  43  35
1982 2857  24  43  35
1980 2850  24  41  35
1980 2844  24  42  35
1981 2840  24  42  35
1987 2835  24  42  35
1995 2833  24  43  35
2004 2834  24  43  35
2016 2831  24  42  35
2030 2829  24  42  35
2043 2830  22  43  35
2057 2825  20  43  35
2067 2821  22  44  35
2076 2815  21  44  35
2082 2812  20  43  35
2085 2806  22  43  35
2086 2799  20  45  35
2085 2793  20  45  35
2081 2786  22  45  36
2079 2781  20  45  36
2078 2775  22  43  36
2077 2772  23  43  37
2078 2771  24  43  37
2078 2770  24  42  37
2079 2775  24  42  37
2081 2784  24  42  37
2087 2793  24  42  37
2094 2807  24  42  37
2104 2823  24  42  37
2115 2842  24  42  35
2126 2867  24  43  35
2139 2891  24  43  35
2151 2910  24  44  35
2164 2924  24  44  35
2174 2935  24  43  35
2182 2940  22  43  37
2185 2940  20  45  37
2186 2935  20  43  38
2184 2925  19  43  38
2181 2909  19  43  37
2176 2893  19  44  37
2172 2878  19  44  36
2169 2866  19  44  35
2170 2856  19  44  35
2175 2848  19  43  35
2181 2843  19  43  35
2193 2841  19  43  36
2205 2846  19  43  36
2221 2856  19  41  36
2240 2867  19  41  37
2258 2886  19  41  37
2277 2904  19  41  38
2294 2920  19  41  38
2307 2934  19  41  38
2316 2942  19  41  38
2319 2945  19  41  38
2317 2941  22  41  38
2309 2931  23  41  39
2298 2918  23  40  36
2286 2900  24  40  36
2275 2886  26  40  36
2267 2875  28  40  35
2265 2872  28  40  35
2270 2871  29  40  34
2283 2874  29  40  34
2304 2887  29  42  35
2334 2905  29  40  35
2372 2925  29  40  37
2408 2946  26  42  37
2449 2968  25  42  39
2492 2984  25  40  39
2534 2997  24  40  39
2570 3009  24  40  39
2603 3014  24  40  39
2637 3019  24  40  39
2667 3022  22  40  39
2689 3023  23  40  39
2706 3026  23  40  39
2715 3025  24  40  39
2718 3023  24  41  39
2712 3021  24  40  39
2693 3015  24  40  39
2659 3005  24  41  39
2614 2990  26  41  38
2554 2970  28  40  38
2482 2941  26  40  39
2400 2912  27  39  37
2315 2878  28  39  37
2223 2848  31  42  37
2132 2815  35  42  37
2048 2786  37  42  36
1967 2753  38  42  36
1895 2725  38  43  36
1837 2696  39  43  37
1790 2671  39  43  37
1755 2652  41  43  37
1735 2638  40  43  37
1729 2628  39  43  37
1733 2619  39  43  37
1752 2612  39  43  37
1780 2609  39  43  37
1816 2609  39  41  37
1868 2616  39  41  37
1925 2633  39  41  36
1998 2658  41  41  37
2081 2694  43  41  37
2175 2733  43  41  37
2274 2770  46  41  37
2368 2803  47  37  37
2461 2831  45  38  38
2536 2851  40  38  38
2592 2863  29  38  38
2626 2865  17  35  38
% 
