% .SEGMENT LETTER ? ? "0"
% 
% .PEN_DOWN
1713 2982   2  45  38
1709 2986   3  45  38
1705 2989   6  47  38
1699 2994  10  47  38
1692 2997  12  47  38
1683 3000  13  45  38
1674 3001  14  45  38
1665 3000  14  45  38
1652 2998  14  45  38
1641 2994  14  45  38
1628 2982  14  44  38
1613 2969  14  45  38
1599 2948  14  45  40
1585 2924  14  44  40
1572 2895  14  44  40
1562 2865  14  45  39
1555 2835  14  45  39
1552 2808  14  45  39
1554 2786  14  45  39
1557 2765  14  47  39
1563 2747  12  45  38
1573 2735  11  45  38
1584 2725  12  45  38
1597 2721  11  45  36
1612 2721  13  45  39
1627 2725  11  45  39
1639 2736  13  45  36
1650 2749  13  45  37
1660 2763  11  45  37
1668 2781  13  45  37
1675 2795  14  45  37
1681 2809  14  44  37
1684 2821  14  46  37
1685 2830  14  46  37
1686 2838  14  46  37
1686 2841  17  46  37
1686 2844  18  46  37
1685 2843  18  45  37
1684 2834  19  45  37
1683 2819  16  46  37
1683 2797  15  47  37
1684 2775  17  47  37
1687 2745  16  47  38
1692 2709  15  45  38
1697 2674  17  45  37
1703 2642  16  45  37
1710 2617  17  45  37
1714 2595  18  45  37
1718 2577  16  45  37
1720 2563  18  46  37
1721 2553  18  46  35
1720 2547  19  46  35
1715 2543  19  46  37
1708 2542  19  46  37
1699 2545  19  46  38
1688 2551  19  45  38
1677 2561  19  45  38
1666 2577  19  46  38
1656 2596  19  46  38
1648 2621  19  46  38
1643 2655  19  46  36
1641 2692  19  46  36
1644 2729  19  46  35
1651 2763  19  46  35
1661 2798  19  46  35
1673 2831  19  45  35
1688 2865  19  45  36
1705 2900  19  44  37
1720 2930  17  44  37
1734 2956  18  45  37
1743 2976  18  45  37
1749 2992  19  45  37
1751 3001  19  44  37
1746 3007  19  44  37
1738 3009  19  44  37
1725 3010  19  45  37
1708 3007  19  45  37
1690 3002  19  44  37
1673 2994  19  44  37
1658 2984  19  44  37
1644 2975  19  44  37
1631 2966  19  44  37
1619 2955  19  44  37
1612 2946  22  45  38
1606 2941  20  45  38
1606 2936  20  43  38
1611 2932  19  43  38
1620 2933  19  42  38
1632 2934  19  42  38
1644 2937  19  42  38
1655 2939  19  42  38
1663 2938  19  45  38
1667 2934  19  45  38
1666 2922  19  46  38
1658 2903  19  46  38
1645 2875  19  46  38
1629 2849  19  46  36
1611 2824  19  46  36
1591 2798  19  46  36
1572 2777  19  46  36
1559 2757  19  46  35
1553 2739  22  45  35
1554 2723  23  45  35
1561 2708  21  44  33
1574 2699  20  44  33
1593 2694  19  42  33
1615 2698  19  43  34
1639 2709  19  42  34
1664 2726  19  42  34
1693 2745  19  43  34
1722 2765  19  43  34
1751 2785  19  44  34
1774 2805  19  44  34
1791 2823  19  44  34
1803 2841  19  44  36
1810 2853  19  44  36
1812 2863  19  44  38
1811 2870  22  44  38
1809 2868  23  44  39
1805 2866  23  44  37
1801 2862  24  44  36
1797 2857  24  44  36
1797 2853  24  44  37
1797 2850  24  44  37
1800 2844  24  44  37
1806 2839  24  44  37
1817 2836  24  44  36
1828 2832  24  45  36
1840 2825  24  43  35
1851 2818  22  43  35
1858 2809  20  43  35
1862 2799  20  46  34
1862 2790  19  46  35
1857 2778  19  46  35
1848 2767  22  46  34
1837 2754  20  47  34
1826 2743  20  47  34
1815 2732  19  47  36
1805 2721  19  47  36
1795 2713  19  47  36
1788 2711  19  47  36
1784 2711  22  47  36
1783 2715  20  47  36
1786 2724  20  47  36
1793 2737  19  47  35
1805 2752  19  47  34
1819 2768  19  47  34
1836 2786  19  47  34
1856 2804  19  47  34
1877 2825  19  46  34
1894 2845  19  45  36
1907 2864  19  45  36
1915 2881  19  45  38
1919 2891  19  44  38
1916 2896  22  44  39
1910 2897  20  44  37
1899 2894  20  44  37
1889 2884  22  44  37
1879 2875  23  44  37
1872 2863  21  45  37
1869 2853  20  45  37
1870 2843  19  45  37
1875 2835  19  45  38
1886 2827  19  44  38
1899 2822  19  44  38
1915 2819  19  44  38
1929 2818  19  44  38
1944 2817  19  44  38
1957 2814  19  44  38
1967 2811  19  44  38
1971 2805  19  44  38
1972 2794  19  45  38
1969 2782  19  45  38
1964 2769  19  45  38
1957 2757  19  45  38
1951 2746  19  45  35
1947 2738  19  45  36
1946 2736  19  45  36
1947 2737  19  45  35
1952 2742  19  45  35
1959 2752  19  45  36
1970 2765  19  45  36
1982 2781  17  45  36
1999 2799  18  45  36
2016 2818  18  45  36
2036 2839  19  44  37
2056 2861  19  44  37
2072 2880  19  43  37
2084 2891  19  43  38
2093 2899  19  43  39
2094 2898  19  43  39
2091 2892  19  43  39
2082 2879  19  43  37
2070 2863  19  42  37
2058 2846  19  42  36
2048 2832  22  43  36
2045 2822  23  43  36
2050 2815  23  43  36
2059 2815  24  43  36
2074 2819  24  42  36
2096 2832  24  42  36
2122 2847  24  42  36
2158 2867  24  42  36
2197 2889  21  41  36
2235 2914  23  41  36
2274 2935  21  41  36
2312 2954  20  41  36
2347 2970  22  40  36
2375 2983  23  40  36
2394 2989  23  40  36
2406 2992  24  40  36
2410 2991  21  40  36
2407 2988  23  40  36
2400 2981  21  40  37
2387 2973  22  40  37
2370 2965  26  39  37
2356 2958  25  39  39
2348 2953  27  39  39
2349 2950  25  39  40
2356 2952  25  39  40
2372 2957  22  39  39
2396 2969  20  39  39
2425 2981  20  39  39
2460 2996  19  40  39
2500 3009  19  40  39
2536 3026  19  37  39
2565 3036  19  37  39
2583 3041  19  39  38
2588 3042  19  39  38
2580 3035  19  40  38
2551 3021  19  40  38
2500 3002  19  41  38
2438 2976  19  41  38
2362 2941  19  41  39
2278 2898  19  41  39
2194 2860  22  43  39
2110 2822  25  43  39
2034 2790  25  44  38
1966 2758  27  44  38
1903 2729  28  44  38
1854 2704  28  44  38
1817 2684  29  44  38
1793 2672  29  44  38
1783 2666  29  43  38
1786 2668  26  43  37
1800 2677  28  43  37
1830 2692  28  44  38
1877 2715  26  44  38
1934 2742  25  44  40
2005 2771  25  44  40
2084 2800  24  44  40
2170 2828  24  43  41
2252 2856  19  43  41
% 
