% .SEGMENT LETTER ? ? "0"
% 
% .PEN_DOWN
1800 2983   8  43  41
1799 2988  11  43  41
1799 2991  13  43  41
1796 2992  16  43  41
1794 2995  20  43  41
1793 2998  22  43  41
1788 2999  23  43  41
1786 3002  26  43  41
1782 3002  30  43  41
1775 3003  32  45  41
1767 3003  33  46  41
1756 3000  33  46  41
1743 2992  34  46  41
1728 2984  34  45  41
1714 2974  34  45  41
1700 2957  34  46  40
1687 2936  36  46  40
1677 2913  37  46  40
1669 2886  38  46  40
1665 2861  38  46  40
1663 2838  39  46  40
1666 2820  36  46  40
1672 2803  37  46  40
1682 2794  38  47  40
1696 2788  38  47  40
1710 2788  39  44  40
1727 2788  39  44  40
1742 2792  39  44  40
1753 2799  39  43  40
1764 2803  39  43  40
1772 2811  39  43  40
1776 2820  39  43  40
1779 2830  39  43  41
1780 2838  41  43  41
1778 2841  43  43  41
1775 2847  46  46  41
1772 2846  47  47  41
1767 2838  48  47  41
1762 2819  46  47  41
1761 2798  45  47  41
1759 2773  44  47  41
1763 2745  44  48  40
1770 2710  44  48  40
1778 2677  46  48  40
1786 2650  45  48  39
1795 2626  44  48  39
1800 2606  46  48  39
1804 2592  47  48  39
1804 2579  48  48  39
1804 2570  48  48  39
1802 2565  48  48  38
1798 2559  48  48  38
1793 2558  48  48  38
1786 2564  48  48  38
1780 2575  48  48  38
1775 2587  48  47  36
1772 2603  48  47  36
1768 2631  48  44  36
1770 2668  46  44  37
1773 2714  45  45  37
1780 2757  44  45  37
1789 2801  44  45  37
1798 2845  44  45  39
1807 2886  41  45  39
1813 2918  43  45  38
1818 2940  46  46  41
1819 2957  50  46  41
1816 2965  52  46  41
1812 2972  53  46  41
1804 2974  53  46  41
1792 2972  53  46  41
1775 2965  53  47  41
1754 2953  53  47  41
1733 2937  53  47  41
1716 2923  53  47  42
1702 2908  53  47  42
1694 2896  53  47  42
1691 2886  51  47  41
1692 2876  45  47  41
1698 2869  42  47  41
1710 2869  40  46  41
1726 2875  40  47  41
1743 2884  39  47  40
1758 2890  39  46  40
1767 2892  39  46  40
1771 2891  39  46  38
1772 2879  39  46  38
1763 2858  41  43  38
1749 2832  43  43  38
1732 2801  43  46  38
1712 2772  46  47  38
1696 2745  47  47  38
1687 2718  48  47  37
1685 2695  48  47  37
1689 2679  48  47  38
1699 2667  46  44  39
1716 2662  45  44  39
1739 2665  44  44  39
1763 2676  44  44  39
1786 2696  41  44  39
1809 2714  43  44  39
1831 2733  43  44  39
1852 2753  41  44  39
1869 2770  40  43  39
1885 2788  39  43  39
1894 2803  39  45  39
1899 2814  41  45  39
1901 2824  43  45  39
1899 2828  43  45  40
1892 2829  46  44  40
1881 2827  47  44  39
1871 2818  48  44  39
1862 2808  48  44  39
1856 2800  48  46  39
1854 2790  48  46  39
1858 2783  51  45  40
1866 2775  50  45  40
1881 2772  49  44  40
1898 2770  49  44  38
1916 2767  49  44  38
1936 2769  49  44  37
1949 2770  49  44  37
1958 2767  49  44  37
1963 2762  49  44  37
1963 2754  49  44  37
1957 2740  49  44  37
1949 2725  49  43  38
1937 2709  46  43  38
1925 2696  45  43  39
1916 2687  44  44  39
1911 2683  44  44  39
1909 2681  44  44  39
1912 2683  44  44  39
1920 2693  44  43  40
1933 2704  44  43  39
1946 2720  44  43  39
1960 2737  44  43  40
1975 2753  44  43  40
1991 2770  41  43  40
2007 2789  43  43  40
2020 2806  41  43  40
2031 2826  40  45  40
2037 2845  42  44  38
2039 2862  43  44  38
2036 2873  43  44  39
2027 2877  46  41  38
2017 2877  47  41  39
2007 2869  48  43  39
1997 2859  48  43  38
1991 2848  48  43  38
1989 2835  48  42  38
1990 2821  48  42  38
1995 2814  48  42  38
2005 2807  48  43  38
2019 2803  48  43  38
2035 2805  48  43  38
2049 2806  48  43  38
2062 2805  49  41  38
2071 2805  49  41  38
2077 2801  49  42  38
2078 2794  49  42  38
2075 2786  49  42  38
2069 2776  51  42  39
2066 2767  52  41  38
2062 2760  50  41  40
2062 2753  49  43  40
2066 2751  49  43  38
2075 2755  49  43  38
2089 2767  49  43  38
2105 2779  49  43  38
2124 2795  49  43  38
2142 2808  51  42  38
2159 2823  52  42  38
2171 2835  53  40  40
2176 2844  53  40  40
2171 2850  53  41  40
2161 2847  53  41  40
2144 2836  53  41  40
2128 2822  56  41  40
2112 2805  57  41  40
2100 2792  58  41  40
2094 2783  58  41  40
2094 2776  58  41  40
2104 2773  58  41  40
2124 2777  58  41  40
2155 2789  58  40  40
2197 2810  58  40  39
2238 2832  58  40  40
2283 2859  56  40  40
2327 2886  55  39  40
2365 2907  54  39  41
2388 2920  54  39  41
2399 2925  54  39  43
2397 2914  54  39  43
2387 2897  54  39  42
2367 2876  54  39  42
2341 2851  54  39  42
2319 2830  54  40  42
2304 2814  54  40  42
2299 2804  54  40  42
2305 2800  54  40  42
2323 2803  54  40  42
2353 2807  51  40  42
2389 2827  45  40  42
2434 2854  42  38  43
2485 2884  40  37  43
2534 2918  40  37  42
2582 2952  39  38  42
2629 2979  41  38  42
2669 3002  45  38  42
2701 3020  49  38  40
2725 3031  49  38  40
2741 3036  51  38  39
2745 3038  52  37  39
2735 3033  53  37  39
2711 3021  51  36  39
2670 3006  45  36  39
2614 2985  42  36  39
2537 2960  38  38  41
2450 2924  36  38  41
2352 2881  35  38  40
2244 2840  37  40  40
2130 2792  43  40  40
2024 2740  48  42  41
1924 2686  51  42  41
1838 2636  52  43  41
1767 2594  53  43  41
1718 2565  53  46  41
1690 2545  53  46  41
1681 2533  53  45  41
1694 2533  53  41  42
1731 2547  53  41  42
1784 2576  53  41  42
1859 2618  56  41  42
1948 2678  55  41  41
2043 2733  54  39  43
2142 2785  56  39  43
2233 2827  57  37  43
2313 2860  58  37  43
2371 2884  58  37  43
2410 2892  58  38  43
2433 2889  58  38  43
2442 2880  58  38  43
2437 2865  51  37  43
2421 2842  33  37  43
% 
