% .SEGMENT LETTER ? ? "0"
% 
% .PEN_DOWN
1805 2946   2  44  41
1806 2949   3  44  41
1807 2950   6  44  42
1808 2951   8  44  42
1808 2951  11  44  42
1809 2952  15  44  42
1809 2953  19  44  40
1809 2954  22  44  40
1807 2956  23  44  39
1804 2958  23  44  39
1802 2962  26  44  40
1799 2962  28  44  39
1795 2967  28  44  39
1791 2969  29  44  39
1784 2972  29  44  40
1777 2975  26  44  40
1770 2977  25  46  38
1759 2981  25  46  38
1749 2982  24  46  40
1739 2983  24  47  40
1729 2980  24  47  43
1719 2973  24  48  42
1710 2961  27  48  42
1701 2942  25  47  42
1693 2920  27  47  41
1687 2896  28  47  41
1682 2872  29  47  39
1680 2850  29  47  39
1682 2831  29  47  39
1687 2812  29  48  39
1693 2797  29  48  39
1702 2786  29  48  38
1715 2782  29  48  38
1729 2778  29  48  38
1743 2779  29  48  38
1757 2783  29  48  38
1770 2790  29  47  38
1780 2801  29  47  38
1786 2812  27  47  38
1791 2821  25  47  38
1793 2830  25  47  38
1794 2843  24  47  38
1794 2852  24  47  39
1794 2858  29  47  39
1793 2865  31  47  38
1791 2869  33  47  38
1790 2868  33  47  38
1789 2865  33  47  38
1792 2857  34  47  37
1793 2843  34  47  37
1798 2831  34  47  37
1804 2813  34  47  37
1811 2796  34  47  37
1818 2775  34  47  37
1825 2751  34  47  38
1831 2726  34  47  38
1837 2704  34  47  38
1842 2680  34  45  38
1846 2658  34  45  36
1850 2641  36  45  36
1854 2626  35  45  36
1855 2614  37  45  36
1856 2604  38  45  36
1857 2601  36  44  36
1855 2600  35  45  36
1856 2599  34  45  36
1856 2606  32  45  36
1857 2617  28  45  36
1858 2636  23  45  36
1860 2668  21  45  36
1864 2706  18  45  36
1869 2744  16  45  36
1875 2779  15  45  35
1880 2812  17  45  35
1883 2847  18  44  36
1888 2883  19  44  36
1891 2916  19  44  38
1890 2943  21  43  38
1887 2962  23  43  38
1881 2977  23  44  38
1872 2985  24  44  38
1860 2991  24  46  38
1844 2992  24  46  38
1827 2989  24  46  38
1808 2981  26  46  39
1787 2972  28  46  39
1763 2962  31  46  41
1743 2952  32  46  42
1731 2945  33  46  41
1724 2941  33  47  41
1722 2941  34  47  42
1725 2943  34  44  42
1735 2948  34  44  42
1749 2955  34  44  42
1764 2964  34  44  40
1781 2974  34  44  39
1793 2980  31  44  40
1802 2982  30  44  40
1809 2984  30  44  39
1812 2980  32  44  39
1813 2972  33  44  38
1808 2957  31  44  40
1802 2937  30  44  40
1791 2914  29  44  40
1777 2887  29  44  40
1765 2861  31  44  40
1751 2836  33  47  40
1740 2817  31  47  40
1733 2799  32  47  40
1727 2780  33  48  40
1724 2765  33  48  39
1725 2749  34  48  37
1730 2734  31  48  37
1735 2724  30  47  37
1746 2715  32  47  38
1757 2711  30  45  39
1772 2713  32  45  39
1788 2722  31  45  39
1805 2734  32  45  38
1824 2751  33  44  38
1843 2768  33  44  38
1863 2787  34  44  38
1880 2802  34  44  38
1896 2816  34  42  38
1910 2828  34  42  38
1918 2841  34  44  38
1922 2847  31  44  38
1923 2851  33  44  38
1923 2854  33  44  38
1920 2850  31  45  38
1915 2840  32  45  38
1910 2828  33  43  38
1903 2816  33  43  38
1900 2805  31  45  38
1899 2796  30  44  38
1903 2786  30  44  38
1909 2777  29  44  39
1916 2767  29  44  39
1927 2762  29  44  40
1939 2760  29  44  37
1952 2768  27  44  37
1969 2779  28  44  37
1988 2796  28  44  37
2009 2813  29  44  37
2033 2836  29  44  37
2052 2857  29  44  37
2066 2884  29  44  39
2075 2911  29  43  37
2078 2932  29  43  37
2076 2942  29  42  37
2071 2951  31  42  39
2062 2954  33  43  41
2051 2954  33  43  41
2043 2950  33  43  41
2036 2945  34  43  41
2031 2940  34  42  41
2030 2935  34  44  38
2034 2932  34  44  38
2043 2930  34  44  40
2058 2933  34  43  41
2073 2936  31  43  40
2089 2938  30  43  40
2104 2941  30  43  41
2116 2940  29  43  41
2125 2934  29  44  42
2130 2927  29  44  42
2132 2917  29  44  41
2132 2900  29  46  41
2128 2883  29  46  39
2124 2868  29  46  38
2121 2854  31  46  38
2119 2845  33  46  38
2119 2839  33  44  38
2121 2837  33  46  38
2126 2841  31  46  38
2133 2847  32  44  38
2144 2862  31  44  38
2158 2883  30  44  39
2175 2904  29  44  39
2195 2930  29  42  39
2211 2954  29  42  40
2224 2972  29  42  40
2233 2982  29  42  41
2236 2988  29  42  41
2236 2988  31  42  41
2234 2982  33  42  41
2228 2972  36  41  39
2221 2959  35  41  39
2215 2943  37  41  40
2213 2931  35  41  40
2212 2922  34  41  40
2214 2917  34  42  42
2221 2916  32  42  42
2228 2921  30  42  42
2239 2931  30  42  40
2251 2944  29  42  40
2262 2956  29  42  41
2271 2969  29  42  41
2274 2977  29  42  41
2276 2982  34  42  41
2273 2982  39  42  39
2267 2978  44  42  39
2257 2970  46  42  38
2250 2958  47  42  38
2245 2950  48  42  40
2244 2943  46  42  40
2248 2939  42  42  37
2256 2943  38  42  37
2271 2952  36  42  38
2288 2966  32  41  35
2309 2982  31  41  35
2334 2999  30  39  35
2362 3014  29  39  35
2386 3027  29  39  35
2406 3040  29  39  35
2419 3049  29  39  35
2425 3053  31  39  37
2429 3054  35  39  37
2433 3050  37  39  38
2434 3043  38  39  38
2437 3036  38  39  38
2444 3030  39  39  38
2454 3025  34  39  38
2471 3026  31  40  38
2495 3034  25  40  38
2522 3045  20  40  38
2549 3064  17  40  38
2571 3082  16  40  38
2591 3097  15  40  39
2606 3109  17  41  39
2612 3117  20  41  39
2611 3123  27  39  39
2602 3119  33  39  39
2586 3109  38  40  39
2560 3093  41  40  39
2523 3072  42  40  39
2480 3049  43  40  39
2431 3023  43  40  39
2372 2994  44  41  39
2310 2954  44  41  39
2235 2911  44  41  41
2154 2862  41  41  41
2066 2816  42  41  41
1978 2762  43  43  38
1896 2710  43  43  38
1819 2660  46  43  38
1751 2617  50  43  38
1702 2583  52  45  38
1669 2560  53  45  38
1654 2546  51  45  38
1655 2544  50  45  38
1675 2557  49  45  38
1717 2581  49  42  38
1773 2616  49  42  38
1847 2664  49  42  38
1930 2722  49  40  40
2022 2778  46  40  39
2120 2838  45  40  39
2216 2903  47  40  40
2311 2961  48  40  40
2397 3012  48  40  40
2470 3049  51  40  40
2524 3080  50  40  40
2556 3096  52  40  40
2570 3101  50  40  40
2563 3094  44  40  40
2536 3078  37  40  38
2490 3054  25  40  38
2436 3023  12  40  38
% 
