% .SEGMENT LETTER ? ? "0"
% 
% .PEN_DOWN
1820 2949   2  47  42
1820 2952   3  47  42
1818 2954   4  47  40
1817 2957   6  47  40
1815 2960   8  47  39
1812 2961   9  47  39
1807 2965  11  47  38
1802 2969  13  47  38
1797 2969  14  47  38
1791 2969  14  47  38
1782 2968  14  47  38
1774 2965  14  46  38
1766 2958  14  46  38
1755 2947  14  48  38
1745 2933  14  48  38
1736 2914  14  47  38
1729 2892  17  47  37
1720 2869  18  46  37
1715 2845  21  46  36
1713 2827  22  46  36
1712 2810  23  46  36
1715 2796  24  47  34
1721 2785  24  47  34
1727 2774  21  48  34
1735 2765  23  48  34
1747 2761  21  48  34
1758 2760  20  47  34
1768 2762  19  47  34
1779 2766  19  47  36
1788 2773  19  47  36
1795 2781  19  47  37
1802 2789  19  47  37
1806 2800  19  47  37
1810 2810  19  47  37
1811 2818  19  47  37
1813 2828  19  47  37
1813 2837  19  47  37
1813 2844  19  47  37
1812 2848  22  47  37
1812 2850  23  47  37
1812 2846  23  47  37
1811 2836  24  47  37
1813 2824  24  47  37
1816 2808  26  47  37
1821 2789  28  47  37
1827 2768  28  48  37
1835 2745  29  48  36
1845 2722  29  47  36
1854 2697  29  47  36
1862 2674  29  48  35
1869 2651  29  48  35
1874 2633  29  46  35
1875 2619  29  46  35
1871 2607  29  46  35
1864 2595  29  45  35
1855 2588  29  45  35
1846 2582  29  45  35
1836 2580  29  46  35
1828 2582  29  46  34
1821 2587  29  46  34
1815 2600  29  46  34
1809 2620  29  46  34
1807 2651  29  46  34
1807 2694  29  46  34
1811 2740  27  46  34
1819 2783  25  46  34
1829 2822  25  46  34
1840 2863  24  46  35
1851 2901  24  46  35
1862 2930  24  45  35
1869 2952  22  46  36
1874 2969  20  47  36
1876 2981  22  47  39
1876 2992  23  46  39
1874 3001  24  46  39
1869 3009  26  47  39
1861 3012  28  47  39
1852 3015  28  47  39
1840 3013  29  47  39
1829 3008  29  47  39
1816 3000  29  47  39
1805 2988  29  47  39
1793 2973  29  47  38
1783 2956  29  46  38
1774 2938  29  46  38
1769 2918  29  46  38
1768 2902  29  46  37
1768 2889  29  47  35
1773 2880  29  47  37
1782 2872  27  46  37
1794 2872  25  46  35
1807 2871  22  46  35
1818 2872  18  46  34
1828 2872  16  46  34
1836 2872  15  45  38
1840 2870  15  45  38
1841 2864  14  45  39
1836 2855  14  48  39
1828 2842  14  48  37
1817 2825  14  48  37
1805 2809  14  48  37
1792 2792  17  48  37
1782 2777  18  48  37
1774 2761  21  46  37
1772 2746  22  46  38
1774 2732  23  46  38
1779 2719  24  46  36
1788 2710  24  46  36
1799 2707  24  46  38
1811 2705  24  46  39
1824 2707  24  46  39
1839 2714  24  48  39
1856 2724  24  48  39
1873 2737  24  46  38
1890 2751  24  46  38
1904 2767  24  45  38
1918 2782  24  45  38
1929 2797  24  45  38
1936 2810  24  45  38
1941 2821  27  45  38
1944 2828  28  45  38
1944 2834  28  45  38
1941 2836  29  45  36
1937 2836  29  45  36
1929 2833  29  45  36
1922 2826  29  45  36
1915 2820  29  44  36
1911 2811  29  45  36
1910 2806  29  45  36
1914 2799  29  44  36
1922 2794  29  44  36
1932 2791  29  43  36
1944 2790  29  43  36
1956 2790  29  43  36
1967 2793  29  43  36
1978 2793  29  43  36
1987 2791  31  43  36
1993 2790  30  43  36
1996 2787  32  43  36
1998 2783  33  45  36
1997 2779  33  45  37
1995 2771  34  44  39
1989 2762  34  44  39
1983 2754  31  44  39
1977 2746  30  44  38
1973 2742  32  44  38
1972 2739  33  44  38
1971 2740  31  44  38
1970 2740  30  44  38
1973 2744  29  44  38
1979 2753  29  45  40
1986 2764  29  45  40
1998 2777  29  45  39
2010 2790  29  46  39
2023 2805  29  46  39
2034 2820  29  44  39
2042 2835  29  44  39
2050 2852  29  44  39
2058 2867  29  44  40
2061 2880  29  42  40
2061 2889  31  43  38
2059 2892  33  43  38
2052 2892  33  43  37
2045 2890  36  43  37
2037 2882  37  41  37
2032 2872  38  41  37
2030 2862  38  41  36
2031 2854  39  40  36
2033 2845  39  39  37
2040 2836  36  39  37
2050 2833  35  39  37
2062 2832  34  41  37
2075 2831  34  41  37
2087 2832  34  40  37
2099 2833  34  40  37
2110 2832  34  40  37
2117 2826  34  40  37
2121 2817  34  40  37
2122 2807  34  40  37
2123 2797  34  40  37
2124 2789  34  40  37
2124 2780  34  40  37
2123 2773  34  40  37
2122 2766  34  40  37
2122 2763  34  40  37
2123 2762  34  40  37
2123 2765  34  40  37
2127 2771  34  40  37
2129 2778  34  40  37
2135 2790  34  42  37
2142 2805  34  42  37
2150 2823  34  43  36
2160 2846  34  43  36
2171 2871  36  42  36
2181 2892  35  42  38
2190 2908  34  41  38
2196 2917  34  40  38
2198 2920  36  40  38
2198 2920  38  40  39
2196 2912  36  40  39
2193 2903  37  40  39
2190 2888  38  40  39
2186 2873  38  40  38
2186 2862  39  41  38
2189 2855  39  41  38
2193 2851  36  40  38
2199 2847  35  40  38
2209 2849  34  40  38
2221 2853  34  40  37
2236 2864  34  41  37
2251 2878  34  41  37
2265 2889  34  41  37
2273 2901  34  41  38
2277 2906  36  41  38
2278 2909  38  41  41
2273 2910  38  41  40
2265 2904  41  41  40
2254 2892  45  41  40
2247 2884  47  41  40
2245 2876  48  40  40
2250 2870  48  40  41
2261 2869  48  40  41
2283 2875  46  40  39
2318 2891  42  38  39
2361 2913  38  38  39
2407 2940  36  38  39
2460 2966  35  38  38
2511 2990  34  37  38
2556 3010  34  37  38
2598 3026  34  37  38
2636 3039  34  37  38
2664 3050  34  37  38
2686 3056  34  37  38
2701 3055  34  37  38
2711 3052  34  37  38
2717 3047  34  37  38
2714 3036  34  37  38
2701 3021  34  37  38
2674 3007  34  38  38
2629 2988  34  38  38
2570 2963  34  38  40
2497 2930  34  39  40
2406 2889  34  41  40
2314 2850  34  41  40
2215 2811  39  41  40
2114 2766  46  41  40
2024 2718  50  41  39
1943 2672  52  41  39
1873 2633  53  41  39
1818 2603  53  41  39
1778 2579  53  41  40
1753 2564  53  42  40
1743 2556  49  42  39
1749 2553  46  42  39
1771 2561  45  42  39
1801 2576  44  42  39
1847 2596  44  42  39
1905 2623  44  39  38
1975 2656  44  39  38
2052 2698  46  39  38
2142 2739  50  39  38
2233 2781  52  37  38
2325 2815  53  37  38
2411 2845  56  37  38
2483 2868  55  37  38
2533 2881  52  37  38
2563 2888  45  37  39
2574 2886  39  37  39
2568 2875  37  37  40
2543 2862  33  37  40
2498 2842  26  37  40
2448 2817  13  37  40
% 
