% .SEGMENT LETTER ? ? "0"
% 
% .PEN_DOWN
1824 2974   2  49  38
1823 2974   3  47  36
1824 2975   4  47  36
1823 2976   6  47  35
1822 2978   8  47  35
1822 2979   9  47  36
1820 2981   9  47  37
1818 2983   9  47  37
1813 2984   9  47  37
1809 2984  12  47  37
1804 2984  10  47  37
1798 2984  12  46  37
1790 2982  11  46  37
1783 2980  10  46  37
1776 2975  10  47  37
1768 2968   9  48  38
1761 2962   9  48  38
1754 2955   9  48  40
1747 2942   9  48  35
1740 2926   9  48  38
1735 2910   9  48  38
1731 2892   9  48  35
1727 2875   9  48  35
1727 2860  12  48  35
1730 2847  11  48  35
1734 2835  10  48  35
1740 2824  10  49  35
1748 2814  12  48  35
1756 2811  11  48  35
1766 2808  10  48  35
1777 2808  12  48  35
1789 2810  13  48  35
1800 2814  14  48  35
1810 2819  14  49  35
1816 2825  14  49  35
1823 2831  14  49  35
1828 2837  14  47  35
1832 2845  14  47  36
1833 2854  12  47  36
1834 2859  10  47  35
1834 2866  10  48  35
1832 2869  10  48  34
1831 2872   9  48  34
1829 2872   9  48  33
1828 2871   9  47  33
1828 2867   9  48  35
1828 2862   9  48  35
1829 2853   9  48  35
1831 2841   9  48  35
1834 2829   9  48  35
1838 2815   9  49  35
1843 2801   9  49  35
1850 2785   9  48  35
1859 2767   9  47  34
1869 2748   9  47  34
1879 2728   9  47  35
1888 2710   9  46  35
1895 2696   9  46  34
1900 2681   9  45  34
1904 2669  12  45  34
1905 2659  13  44  34
1904 2650  14  44  34
1899 2642  14  44  34
1894 2635  14  45  34
1886 2629  14  45  34
1878 2627  14  45  34
1868 2629  14  45  34
1857 2634  14  46  34
1849 2645  14  46  34
1841 2661  17  46  35
1834 2687  15  48  35
1830 2717  15  48  35
1829 2748  15  48  35
1831 2777  14  48  35
1833 2804  14  49  35
1838 2829  14  49  36
1844 2858  12  48  36
1849 2886  11  48  38
1856 2916  12  48  38
1864 2942  13  48  38
1871 2967  11  48  38
1876 2986  13  46  38
1880 3002  11  46  38
1883 3014  13  46  38
1884 3025  13  47  38
1883 3033  16  47  38
1878 3038  18  48  38
1872 3042  18  47  38
1863 3043  19  47  38
1855 3039  19  47  38
1846 3036  21  47  38
1837 3031  23  47  38
1827 3026  23  47  38
1818 3016  21  47  38
1808 3006  23  47  38
1799 2996  23  47  38
1791 2983  24  46  38
1782 2969  24  46  38
1775 2953  21  47  38
1770 2933  20  47  37
1766 2915  20  47  37
1767 2896  19  48  37
1769 2881  19  48  37
1773 2870  19  48  37
1780 2862  19  48  37
1788 2857  19  48  37
1796 2859  17  48  35
1805 2858  15  48  35
1813 2860  15  48  35
1820 2862  15  47  34
1826 2863  17  48  34
1830 2864  18  48  36
1833 2864  16  47  36
1834 2860  18  47  36
1833 2853  18  48  36
1830 2843  19  48  36
1825 2831  19  48  36
1820 2818  19  48  36
1815 2805  19  48  36
1809 2793  19  48  35
1805 2782  21  48  35
1802 2772  20  48  34
1802 2763  22  48  34
1803 2756  23  48  34
1806 2748  21  48  34
1811 2742  23  48  34
1817 2739  21  47  34
1827 2739  20  47  34
1837 2745  19  47  34
1850 2751  19  46  34
1866 2763  19  46  34
1885 2774  19  46  34
1902 2784  17  47  34
1920 2797  18  47  34
1934 2810  16  47  34
1946 2822  15  47  34
1955 2834  15  47  34
1961 2846  14  47  35
1965 2859  14  47  34
1966 2866  14  47  34
1966 2871  17  47  34
1962 2873  18  47  36
1959 2870  18  47  36
1955 2869  19  47  36
1952 2864  19  47  36
1951 2858  19  47  37
1951 2852  19  47  37
1954 2849  19  47  37
1960 2844  19  47  37
1967 2838  21  47  37
1976 2834  20  47  37
1987 2830  20  47  37
2000 2827  22  44  37
2012 2823  20  44  37
2024 2820  22  43  37
2032 2817  21  44  37
2037 2811  20  44  37
2037 2809  19  44  37
2035 2802  19  45  37
2029 2795  19  46  37
2022 2787  19  46  37
2014 2777  19  46  37
2006 2769  19  47  37
2000 2762  19  47  38
1998 2760  19  47  38
1997 2759  19  47  38
1999 2760  17  47  38
2002 2764  18  47  38
2009 2771  18  46  38
2017 2782  16  46  38
2027 2794  15  46  38
2038 2805  17  46  38
2048 2817  18  45  38
2059 2831  19  45  38
2069 2846  19  43  37
2077 2864  19  43  37
2084 2881  19  44  37
2089 2895  19  44  37
2092 2907  19  44  38
2091 2916  21  44  38
2088 2921  23  43  38
2083 2923  23  44  37
2076 2921  24  44  37
2069 2918  24  44  36
2063 2913  24  44  36
2058 2906  24  44  36
2054 2901  21  44  36
2056 2896  23  44  36
2059 2893  23  44  36
2064 2888  24  44  36
2072 2884  24  43  37
2082 2880  24  43  37
2095 2874  21  43  37
2107 2873  20  43  39
2119 2869  20  43  39
2130 2863  19  44  38
2140 2856  19  44  38
2148 2849  19  44  36
2153 2840  19  44  36
2156 2831  19  44  36
2156 2823  19  44  36
2154 2814  19  44  36
2151 2807  19  44  36
2147 2800  19  44  36
2143 2795  22  44  36
2140 2793  23  44  36
2139 2793  26  44  36
2139 2794  27  44  36
2141 2797  26  44  36
2146 2803  25  44  36
2152 2814  24  42  36
2161 2825  24  42  36
2171 2841  24  41  36
2180 2859  24  40  39
2190 2875  24  40  39
2198 2890  24  40  37
2204 2902  24  40  37
2209 2909  24  40  38
2212 2914  24  40  41
2214 2914  24  40  41
2214 2911  24  42  41
2215 2903  24  42  39
2216 2889  24  43  39
2217 2875  24  42  36
2219 2863  24  42  36
2222 2851  24  42  36
2226 2844  24  42  36
2229 2839  24  42  36
2232 2836  24  42  36
2237 2836  24  42  36
2242 2839  24  42  36
2248 2845  24  42  37
2255 2856  24  42  37
2261 2872  24  42  35
2268 2886  24  42  35
2273 2903  24  42  35
2280 2920  24  41  37
2285 2935  24  41  37
2289 2946  24  40  37
2293 2952  24  40  37
2297 2954  24  40  37
2299 2955  24  40  37
2300 2951  24  40  37
2299 2944  24  40  38
2298 2933  24  38  38
2298 2921  24  38  39
2297 2910  24  41  40
2296 2901  24  41  40
2297 2896  24  40  40
2298 2894  24  40  38
2299 2893  24  40  39
2302 2895  24  40  39
2307 2902  22  41  39
2314 2913  20  41  39
2322 2925  20  41  39
2329 2938  22  42  39
2336 2951  23  42  39
2342 2963  23  42  38
2349 2974  24  41  38
2352 2980  24  41  39
2354 2983  24  42  40
2355 2985  24  42  40
2355 2984  24  41  40
2354 2979  26  41  41
2351 2971  25  42  41
2348 2958  27  40  40
2346 2947  28  40  40
2344 2939  26  40  39
2346 2932  28  40  39
2350 2928  26  40  37
2354 2927  25  40  38
2361 2929  24  40  38
2370 2937  24  41  38
2379 2947  24  41  38
2390 2959  24  41  38
2400 2970  24  41  40
2408 2979  24  41  40
2413 2987  24  41  40
2415 2992  22  41  40
2414 2995  23  41  40
2409 2994  23  41  40
2401 2989  24  41  40
2390 2983  24  41  40
2377 2977  26  41  41
2365 2969  28  42  41
2360 2965  28  42  41
2360 2964  29  41  41
2365 2966  29  41  41
2376 2973  29  39  41
2393 2984  29  39  41
2413 2998  29  39  41
2439 3015  29  39  41
2470 3034  31  39  38
2504 3056  30  39  41
2535 3083  30  39  41
2566 3112  29  39  38
2597 3137  29  40  38
2629 3157  31  39  37
2659 3173  30  39  37
2683 3183  30  39  39
2702 3190  29  39  39
2715 3192  29  39  39
2723 3191  29  39  40
2723 3185  31  39  40
2718 3176  33  39  40
2702 3161  33  39  39
2673 3140  33  41  39
2636 3114  34  41  40
2596 3084  34  41  40
2545 3056  34  41  40
2485 3026  34  41  40
2417 2990  34  41  41
2348 2953  34  41  41
2274 2909  34  41  41
2201 2870  36  41  40
2129 2829  38  41  41
2057 2794  41  43  41
1996 2755  42  43  40
1939 2716  43  43  41
1890 2683  43  43  41
1854 2658  46  43  41
1829 2641  45  43  41
1816 2632  44  43  41
1816 2626  44  43  41
1826 2629  44  43  41
1851 2640  44  43  39
1890 2662  44  41  39
1937 2692  44  41  39
1997 2728  46  40  39
2061 2760  45  40  39
2136 2791  44  37  39
2211 2821  46  37  37
2289 2850  45  37  37
2363 2883  47  35  38
2432 2911  45  35  38
2493 2933  47  35  38
2541 2947  48  35  38
2574 2956  46  35  38
2594 2961  45  36  40
2601 2962  44  36  40
2599 2961  44  37  40
2588 2955  41  37  39
2571 2946  33  37  39
2547 2931  18  38  39
% 
