% .SEGMENT LETTER ? ? "0"
% 
% .PEN_DOWN
1929 3045   2  38  44
1934 3049   6  38  44
1938 3051   7  38  44
1943 3053  11  38  44
1946 3055  13  38  44
1949 3058  16  38  44
1951 3063  17  38  44
1955 3064  18  38  44
1957 3065  21  38  44
1958 3065  25  38  46
1957 3064  27  38  46
1955 3062  28  38  46
1951 3054  31  38  45
1942 3045  32  38  45
1927 3031  33  37  43
1904 3014  31  37  43
1875 2998  32  37  43
1845 2978  33  38  43
1814 2952  33  38  46
1779 2923  34  38  46
1742 2890  34  38  46
1706 2860  34  38  46
1674 2830  34  38  44
1646 2806  34  38  44
1623 2788  34  39  44
1606 2777  34  39  44
1596 2771  34  39  42
1595 2769  34  40  42
1600 2773  34  39  45
1612 2784  34  39  45
1630 2799  34  39  45
1652 2815  34  39  45
1677 2833  36  39  45
1707 2854  35  38  45
1736 2868  34  40  44
1759 2880  37  40  44
1777 2886  35  40  43
1786 2888  34  40  46
1789 2884  37  40  45
1784 2872  38  40  45
1769 2855  36  40  46
1745 2832  37  38  46
1713 2805  38  40  46
1677 2775  38  40  46
1636 2739  39  40  45
1586 2696  39  38  45
1541 2656  41  38  45
1498 2619  45  38  45
1461 2590  47  38  45
1433 2568  48  37  45
1416 2556  48  37  44
1409 2554  48  38  46
1411 2553  51  38  46
1426 2563  52  37  46
1453 2579  53  35  46
1487 2607  53  37  46
1536 2645  53  37  44
1595 2691  51  35  44
1661 2739  52  35  43
1734 2790  50  37  43
1813 2843  52  35  46
1894 2900  53  35  46
1982 2952  53  35  45
2066 3000  51  34  45
2150 3044  50  32  46
2225 3085  49  32  46
2293 3118  49  32  45
2349 3143  46  33  46
2395 3161  43  33  46
2428 3173  38  33  46
2453 3179  34  33  46
2467 3182  24  36  46
2470 3180  14  36  46
% 
% .PEN_UP
2465 3176   0  36  46
2450 3173   0  36  46
2431 3165   0  35  46
2409 3160   0  35  48
2381 3156   0  32  48
2353 3148   0  32  49
2324 3139   0  32  49
2300 3134   0  32  50
2274 3125   0  32  50
2247 3120   0  32  45
2228 3105   0  26  39
2194 3090   0  26  39
2165 3082   0  28  39
2136 3070   0  28  36
2121 3059   0  28  36
2101 3044   0  26  36
2079 3038   0  26  36
2061 3031   0  26  30
2033 3011   0  29  30
2012 3004   0  34  30
1987 2992   0  34  30
1967 2973   0  34  30
1951 2961   0  34  30
1938 2955   0  34  40
1930 2948   0  31  41
1925 2943   0  31  41
1924 2936   0  33  41
1923 2936   0  33  44
1928 2938   0  33  47
1928 2935   0  33  47
1931 2933   0  31  47
1934 2931   0  31  47
1935 2924   0  31  47
1933 2923   0  31  46
% 
% .PEN_DOWN
1928 2918  11  33  46
1923 2913  12  33  46
1914 2901  13  35  46
1903 2888  14  35  44
1889 2871  14  36  44
1866 2849  14  36  44
1839 2824  19  37  44
1809 2798  24  37  44
1776 2771  29  37  44
1737 2738  34  38  46
1699 2703  36  38  46
1663 2665  38  38  44
1628 2630  41  38  44
1594 2600  42  38  44
1564 2576  43  41  44
1541 2558  43  41  44
1528 2546  44  41  44
1522 2543  44  41  46
1522 2543  44  39  46
1534 2550  46  41  47
1557 2568  47  41  47
1592 2596  48  41  47
1634 2634  51  41  47
1690 2680  52  39  47
1752 2728  53  39  47
1823 2778  53  39  47
1900 2828  53  36  43
1982 2877  53  36  47
2062 2924  53  33  47
2142 2959  53  33  43
2213 2994  53  32  43
2283 3021  53  32  43
2345 3046  53  30  43
2395 3071  53  30  43
2442 3087  51  32  43
2480 3097  47  31  43
2506 3107  41  31  43
2522 3111  32  31  42
2531 3112  23  29  42
2533 3110  11  29  44
% 
% .PEN_UP
2526 3111   0  29  43
2512 3111   0  29  43
2496 3108   0  31  43
2476 3107   0  31  42
2452 3110   0  36  42
2429 3105   0  36  44
2408 3098   0  36  44
2385 3101   0  36  49
2358 3094   0  30  49
2328 3081   0  30  50
2301 3066   0  30  42
2276 3049   0  30  42
2005 2883   0  35  53
1978 2863   0  35  43
1960 2841   0  35  43
1918 2810   0  35  43
1886 2786   0  40  43
1853 2765   0  40  46
1829 2742   0  45  50
1808 2716   0  45  50
1794 2697   0  45  50
1784 2686   0  45  50
1776 2675   0  39  50
1776 2672   0  39  45
1778 2671   0  39  45
1782 2673   0  39  45
1784 2674   0  39  45
1785 2672   0  39  45
1789 2665   0  39  45
1789 2662   0  39  42
1784 2660   0  39  38
1780 2651   0  39  38
1775 2647   0  39  38
1767 2643   0  39  38
1758 2638   0  39  38
1751 2633   0  39  37
1741 2629   0  39  37
1730 2624   0  39  36
1720 2620   0  40  36
1714 2616   0  40  36
1708 2614   0  42  36
1704 2614   0  42  36
1703 2613   0  43  36
1701 2614   0  43  36
1699 2614   0  45  36
1699 2613   0  45  36
1698 2613   0  42  36
1697 2612   0  42  36
1694 2612   0  43  36
1692 2610   0  42  36
1689 2605   0  42  36
1684 2602   0  42  36
1679 2597   0  44  36
% 
% .PEN_DOWN
1673 2594   9  44  36
1669 2591  12  44  36
1667 2588  15  43  36
1666 2586  20  43  36
1665 2585  22  43  36
1667 2584  28  43  36
1671 2587  33  43  36
1678 2595  39  43  36
1692 2603  41  43  36
1709 2617  42  44  36
1728 2636  43  44  38
1749 2655  43  43  38
1766 2673  46  43  41
1782 2694  45  43  41
1793 2708  44  43  43
1802 2719  44  43  42
1806 2727  44  43  42
1808 2732  44  43  42
1805 2735  44  43  42
1800 2735  44  43  42
1791 2727  44  43  41
1778 2714  46  43  41
1763 2700  45  43  42
1747 2680  44  43  42
1733 2662  44  43  41
1722 2647  44  43  41
1715 2636  44  43  41
1713 2627  46  42  41
1715 2621  45  42  41
1720 2620  44  42  40
1731 2623  44  42  40
1745 2632  44  43  40
1760 2645  44  42  40
1778 2666  44  42  40
1795 2686  44  42  41
1810 2706  44  42  41
1826 2727  44  44  43
1838 2743  44  43  43
1847 2754  44  43  44
1852 2760  44  44  44
1853 2764  44  44  42
1850 2762  44  45  42
1844 2759  44  45  43
1836 2751  44  45  43
1825 2738  44  45  42
1817 2727  44  45  43
1811 2715  44  45  44
1807 2705  44  45  44
1806 2702  44  45  43
1808 2698  44  45  43
1810 2700  44  45  43
1816 2704  44  45  43
1825 2713  44  45  42
1834 2727  44  44  42
1846 2739  44  44  42
1857 2751  44  43  43
1869 2763  44  43  43
1879 2770  44  43  43
1886 2774  46  43  43
1891 2777  45  41  43
1894 2777  44  42  43
1895 2779  42  42  43
1894 2778  33  42  43
1897 2779  24  41  43
1898 2781  14  41  43
% 
% .PEN_UP
1902 2786   0  41  43
1909 2792   0  41  43
1917 2800   0  39  43
1926 2809   0  39  43
1936 2820   0  39  43
1946 2836   0  39  41
1956 2850   0  39  41
1965 2865   0  39  41
1974 2872   0  40  41
1979 2879   0  39  43
1980 2882   0  39  43
% 
% .PEN_DOWN
1978 2884  31  39  43
1979 2885  35  38  43
1980 2885  37  38  43
1977 2883  40  39  43
1971 2873  42  39  43
1966 2859  45  39  43
1958 2844  47  39  44
1949 2827  48  39  44
1940 2809  48  39  44
1929 2793  48  39  44
1922 2780  48  39  44
1915 2768  48  40  44
1909 2760  48  40  44
1906 2752  48  40  44
1905 2747  48  40  42
1907 2744  48  42  42
1909 2745  48  42  41
1912 2748  49  43  41
1921 2752  49  43  41
1929 2761  49  41  41
1940 2774  49  41  40
1951 2785  49  41  40
1963 2796  49  42  40
1973 2806  49  42  40
1981 2815  49  42  40
1988 2821  49  41  40
1992 2822  49  41  41
1993 2823  49  41  41
1992 2818  49  41  41
1988 2810  51  41  41
1982 2802  52  41  41
1975 2792  53  40  41
1968 2782  51  40  41
1962 2775  50  40  41
1955 2767  52  40  42
1953 2762  50  40  41
1953 2758  47  40  41
1956 2758  43  40  41
1959 2760  36  40  41
1965 2764  27  40  41
1974 2771  18  40  38
1983 2779   9  40  38
% 
% .PEN_UP
1996 2789   0  40  38
2008 2799   0  39  38
2019 2807   0  39  38
2030 2815   0  39  38
2042 2824   0  39  38
2051 2832   0  38  38
2058 2840   0  38  40
% 
% .PEN_DOWN
2063 2844   6  38  40
2065 2849  12  38  43
2066 2851  21  38  43
2066 2853  27  38  44
2066 2855  30  38  44
2067 2857  32  37  44
2068 2857  33  37  44
2067 2858  36  37  43
2065 2857  37  37  42
2063 2859  41  37  42
2059 2857  42  39  42
2052 2852  40  39  42
2043 2848  42  41  42
2032 2840  43  41  41
2021 2828  43  40  41
2011 2817  44  40  41
2001 2808  44  40  41
1993 2799  46  40  41
1988 2793  47  42  41
1987 2786  48  42  41
1990 2784  48  41  41
1993 2783  48  41  41
2000 2785  48  39  41
2013 2792  48  40  41
2028 2798  48  40  41
2041 2803  48  40  41
2054 2812  48  40  41
2067 2819  48  40  41
2076 2823  51  39  42
2081 2828  52  39  42
2084 2827  50  39  42
2084 2829  49  39  40
2082 2824  49  39  40
2075 2817  49  39  40
2069 2809  49  40  40
2059 2801  49  42  40
2052 2796  49  40  40
2047 2793  46  40  40
2044 2790  42  42  40
2044 2790  33  42  40
2048 2792  24  42  40
2055 2796  14  42  40
% 
% .PEN_UP
2063 2802   0  42  40
2073 2808   0  42  40
2082 2816   0  42  40
2092 2824   0  42  40
2102 2836   0  42  39
2111 2849   0  42  39
2119 2858   0  42  39
2122 2867   0  42  45
2125 2871   0  45  45
2125 2868   0  44  45
2123 2862   0  44  45
2120 2858   0  44  43
2116 2854   0  44  43
% 
% .PEN_DOWN
2115 2852  22  44  44
2115 2851  23  44  44
2116 2851  26  44  44
2118 2852  30  44  44
2122 2854  32  44  44
2129 2858  35  44  44
2138 2868  35  44  44
2149 2876  34  43  44
2160 2884  36  41  44
2168 2892  38  41  44
2176 2899  38  41  43
2181 2905  38  42  43
2184 2909  39  39  43
2184 2913  36  39  43
2183 2915  37  39  42
2178 2919  36  39  42
2169 2921  35  39  44
2160 2917  37  39  44
2151 2913  35  39  43
2141 2904  34  40  43
2131 2892  34  40  43
2125 2879  36  40  43
2119 2869  35  40  42
2116 2858  37  40  43
2114 2850  35  40  43
2117 2843  35  40  43
2119 2839  34  40  43
2123 2838  34  40  43
2131 2839  34  40  42
2143 2845  29  40  42
2156 2853  22  40  44
2171 2862  13  41  44
% 
% .PEN_UP
2186 2872   0  41  44
2199 2883   0  41  45
2210 2895   0  41  45
2222 2904   0  39  45
2233 2913   0  39  46
2242 2921   0  39  46
2248 2927   0  39  46
2252 2930   0  39  46
2254 2933   0  39  45
% 
% .PEN_DOWN
2255 2933  14  39  45
2255 2932  19  39  45
2254 2932  22  39  45
2253 2930  25  39  43
2252 2929  27  39  43
2252 2929  30  39  42
2252 2929  32  39  44
2252 2929  33  39  44
2252 2929  33  39  44
2253 2930  34  39  42
2255 2932  34  39  42
2259 2935  34  39  42
2263 2938  34  39  42
2268 2942  34  39  41
2274 2947  34  39  41
2279 2954  34  39  43
2282 2961  34  38  43
2284 2965  34  38  43
2284 2970  34  39  43
2283 2972  34  39  44
2277 2973  34  40  44
2269 2968  34  40  44
2259 2959  34  40  44
2246 2946  34  40  44
2230 2930  36  39  44
2214 2914  40  39  43
2202 2899  42  39  43
2193 2884  43  39  43
2190 2875  43  39  43
2192 2869  44  39  42
2195 2867  41  39  42
2202 2869  42  39  43
2213 2875  43  38  43
2226 2885  43  38  43
2239 2894  44  38  43
2250 2908  44  38  45
2260 2918  44  38  45
2267 2926  44  38  45
2271 2930  44  38  45
2272 2931  44  38  45
2273 2931  44  38  45
2270 2924  44  38  45
2263 2909  46  38  42
2251 2894  47  38  44
2236 2873  50  38  44
2215 2850  52  38  42
2189 2825  53  39  42
2162 2802  53  39  42
2139 2782  53  40  41
2120 2763  53  40  41
2107 2745  53  40  41
2098 2735  53  40  43
2091 2729  53  40  43
2089 2724  53  40  42
2089 2725  49  40  42
2092 2731  41  40  42
2101 2743  35  40  42
2115 2757  27  40  41
2133 2775  18  38  41
2157 2797   9  38  41
% 
% .PEN_UP
2184 2819   0  39  41
2211 2853   0  39  42
2234 2892   0  37  42
2256 2928   0  37  42
2277 2958   0  37  42
2298 2981   0  37  42
2318 2996   0  38  42
2335 3003   0  38  42
2349 3010   0  39  42
2356 3013   0  39  42
2358 3011   0  38  42
% 
% .PEN_DOWN
2357 3010  29  38  42
2354 3008  31  37  42
2351 3001  33  37  42
2344 2995  36  38  42
2330 2986  40  38  42
2317 2971  47  36  42
2306 2960  50  36  45
2297 2947  52  37  45
2291 2938  53  37  44
2289 2931  53  37  44
2290 2924  53  37  45
2294 2920  53  37  45
2304 2922  56  37  45
2321 2927  55  36  45
2345 2938  57  36  45
2373 2953  58  36  45
2399 2967  58  36  44
2426 2977  58  36  44
2452 2989  58  36  44
2479 3000  58  36  44
2503 3005  58  36  44
2524 3012  56  33  44
2542 3016  47  33  44
2560 3023  31  33  44
% 
