% .SEGMENT LETTER ? ? "0"
% 
% .PEN_DOWN
2038 3112   7  37  45
2048 3117  11  37  45
2056 3121  15  35  45
2062 3124  19  35  47
2065 3124  24  36  46
2066 3125  29  36  46
2066 3126  31  37  46
2064 3123  35  37  45
2059 3119  37  37  45
2045 3110  38  37  45
2027 3097  38  37  45
2003 3080  39  37  46
1975 3056  41  37  46
1941 3030  40  37  46
1896 3001  42  38  45
1846 2965  45  38  45
1796 2927  47  41  45
1739 2882  48  41  45
1687 2839  48  41  44
1638 2802  48  41  44
1591 2771  48  40  44
1554 2745  48  40  46
1529 2725  48  40  46
1516 2714  48  40  45
1512 2715  51  40  45
1518 2724  52  40  44
1535 2741  53  39  44
1564 2762  53  39  44
1600 2785  53  39  45
1639 2806  53  39  45
1681 2832  53  39  45
1723 2861  53  39  46
1760 2881  53  39  46
1789 2896  53  38  45
1806 2903  53  38  45
1814 2904  53  38  45
1814 2892  54  38  45
1803 2869  54  38  47
1777 2843  54  39  47
1737 2811  54  39  47
1691 2775  54  39  47
1638 2731  54  37  46
1583 2688  56  41  46
1536 2648  57  41  46
1494 2614  58  37  46
1461 2591  58  37  46
1438 2575  58  38  46
1426 2566  58  38  46
1422 2564  58  37  46
1429 2567  58  37  46
1446 2579  58  36  46
1474 2600  58  35  46
1521 2634  61  35  46
1584 2684  62  35  46
1660 2737  63  36  46
1746 2795  63  36  45
1844 2854  61  36  45
1945 2914  62  36  44
2040 2966  63  33  44
2137 3009  63  33  44
2222 3052  63  32  44
2301 3087  63  32  44
2362 3116  63  32  44
2411 3136  58  32  45
2445 3148  53  31  44
2465 3153  44  31  44
2470 3154  36  33  44
2463 3148  25  33  44
% 
% .PEN_UP
2445 3137   0  33  43
2418 3125   0  33  43
2380 3110   0  33  43
2339 3093   0  33  44
2298 3073   0  33  44
2255 3059   0  33  44
2211 3047   0  41  44
2171 3035   0  41  44
2138 3025   0  41  44
2112 3019   0  41  44
2089 3012   0  40  44
2071 3001   0  40  44
2056 3000   0  36  44
2052 3000   0  36  44
2054 3000   0  35  44
2059 3000   0  35  44
2071 3000   0  32  44
2085 3001   0  32  44
2099 3003   0  32  44
2110 3006   0  32  44
% 
% .PEN_DOWN
2117 3007  36  32  44
2123 3008  40  32  44
2129 3005  39  35  44
2132 3002  37  35  44
2131 2997  35  36  44
2125 2990  34  36  44
2109 2977  34  36  44
2087 2959  36  36  46
2054 2938  42  38  45
2015 2910  48  38  45
1973 2873  51  38  45
1923 2837  52  38  45
1863 2795  53  38  45
1801 2750  56  37  43
1738 2701  60  37  43
1680 2648  62  37  43
1624 2605  63  37  43
1572 2565  63  37  42
1530 2528  63  37  41
1502 2499  63  37  41
1484 2480  63  37  41
1477 2470  61  37  42
1482 2470  62  37  43
1495 2480  60  37  43
1524 2505  62  36  43
1569 2537  60  35  43
1625 2575  62  35  43
1700 2625  63  35  43
1784 2687  61  35  43
1876 2747  60  35  43
1976 2800  59  35  44
2075 2856  59  35  44
2168 2907  59  35  44
2253 2946  59  35  44
2326 2978  59  35  44
2384 3002  59  35  44
2432 3016  56  33  44
2464 3027  52  35  43
2484 3030  43  35  43
2489 3030  34  35  43
2481 3026  21  35  43
% 
% .PEN_UP
2462 3016   0  35  43
2437 3004   0  35  43
2404 2992   0  35  43
2365 2979   0  36  43
2320 2962   0  36  44
2278 2946   0  32  44
2227 2924   0  38  44
2177 2901   0  38  44
2126 2874   0  38  43
2077 2852   0  35  43
2026 2828   0  35  43
1983 2803   0  35  46
1936 2777   0  35  46
1891 2749   0  38  46
1851 2720   0  38  39
1812 2681   0  41  37
1771 2655   0  41  37
1736 2628   0  40  37
1709 2604   0  40  37
1686 2581   0  45  37
1671 2566   0  45  42
1661 2554   0  45  42
1655 2547   0  45  44
1652 2542   0  45  44
1650 2535   0  45  46
1649 2531   0  45  46
1649 2525   0  45  45
1651 2521   0  45  45
1654 2517   0  45  44
1654 2516   0  45  44
1656 2514   0  45  43
% 
% .PEN_DOWN
1657 2514  45  45  43
1664 2516  47  45  43
1677 2524  48  43  43
1693 2536  48  42  42
1712 2552  48  42  42
1736 2568  48  42  42
1757 2588  48  42  42
1778 2609  48  42  42
1798 2627  48  43  43
1817 2651  48  43  43
1833 2673  48  43  43
1847 2695  48  43  42
1855 2712  49  43  42
1858 2723  49  42  42
1854 2733  49  42  42
1845 2736  49  42  41
1831 2728  49  43  41
1813 2710  49  42  42
1790 2681  49  42  42
1768 2648  49  42  42
1744 2620  49  43  41
1728 2599  49  43  42
1719 2579  51  42  42
1718 2569  50  42  41
1721 2560  52  43  41
1728 2556  53  40  39
1744 2562  53  40  39
1766 2574  53  40  39
1788 2593  53  40  39
1814 2613  53  40  39
1839 2636  53  41  41
1862 2662  53  41  41
1881 2684  53  41  41
1896 2702  56  41  41
1902 2714  60  39  41
1905 2723  62  39  41
1903 2724  63  40  41
1893 2722  63  40  41
1878 2712  61  39  41
1860 2693  62  39  42
1840 2673  60  40  42
1825 2657  62  40  42
1817 2642  63  40  42
1813 2632  61  40  40
1814 2627  60  40  40
1819 2625  62  40  39
1829 2630  63  39  40
1848 2644  63  39  40
1870 2665  61  38  40
1893 2685  60  38  41
1914 2709  59  38  41
1931 2728  59  38  41
1945 2744  59  38  41
1953 2754  59  38  42
1957 2757  59  38  41
1957 2759  59  38  41
1954 2758  59  38  41
1949 2752  59  38  41
1943 2746  59  38  41
1939 2741  56  38  41
1936 2735  47  38  41
1935 2732  38  38  41
1939 2732  29  38  41
1945 2739  21  38  41
1956 2748  13  38  41
1969 2761   6  38  41
% 
% .PEN_UP
1982 2774   0  40  41
1995 2791   0  40  41
2011 2804   0  39  40
2022 2818   0  39  40
2031 2831   0  40  40
% 
% .PEN_DOWN
2039 2840  14  40  41
2045 2848  22  40  41
2049 2853  30  40  41
2050 2856  37  40  41
2050 2855  43  40  41
2048 2855  48  40  41
2048 2856  51  40  41
2046 2850  55  40  41
2039 2840  57  40  41
2031 2825  58  38  41
2019 2809  58  38  41
2005 2794  58  39  41
1991 2776  56  39  41
1978 2759  55  39  41
1970 2745  54  39  41
1965 2735  54  39  41
1963 2730  56  38  41
1963 2726  55  39  41
1966 2724  54  39  41
1973 2729  54  38  41
1983 2738  54  38  41
1997 2751  54  38  41
2014 2764  51  38  41
2027 2777  52  39  41
2041 2786  53  39  41
2048 2793  53  38  41
2052 2795  53  37  41
2054 2797  56  37  41
2053 2798  57  37  41
2048 2793  58  39  41
2040 2786  58  40  41
2030 2776  58  40  41
2021 2767  58  40  41
2014 2757  58  41  41
2011 2749  58  41  41
2013 2743  58  41  41
2016 2738  56  41  41
2023 2737  52  40  41
2032 2742  43  40  41
2045 2750  29  40  41
% 
% .PEN_UP
2058 2761   0  39  41
2068 2772   0  39  41
2078 2782   0  39  41
2089 2796   0  39  41
2097 2807   0  39  41
2107 2815   0  39  41
2117 2820   0  39  41
2125 2825   0  41  41
2131 2828   0  41  40
2135 2829   0  41  41
2138 2829   0  41  41
2139 2828   0  41  41
% 
% .PEN_DOWN
2139 2831  23  41  40
2140 2833  26  41  40
2141 2835  30  41  41
2142 2838  34  41  41
2141 2840  39  41  41
2141 2844  41  39  41
2140 2848  43  39  41
2141 2850  46  38  41
2140 2852  47  38  41
2138 2856  50  40  41
2136 2860  52  40  41
2131 2860  53  38  41
2125 2855  53  38  39
2117 2849  53  38  39
2105 2834  53  38  39
2092 2821  53  38  39
2079 2807  53  39  39
2068 2797  51  39  39
2062 2790  52  39  39
2060 2784  53  40  39
2061 2780  53  40  39
2065 2779  53  41  39
2074 2780  53  41  39
2085 2787  53  41  39
2099 2797  53  39  39
2113 2807  53  39  39
2125 2816  53  39  39
2134 2822  53  40  39
2138 2828  53  41  41
2142 2831  54  41  41
2144 2831  56  41  41
2140 2829  57  39  41
2134 2818  58  39  41
2126 2811  58  39  41
2118 2801  58  39  41
2113 2794  58  39  41
2110 2789  56  39  41
2109 2784  52  39  41
2110 2781  48  39  41
2115 2781  38  39  41
2123 2787  26  39  41
2134 2794  13  38  41
% 
% .PEN_UP
2146 2801   0  38  41
2158 2809   0  41  41
2166 2819   0  41  38
2174 2824   0  42  38
2180 2828   0  42  38
2184 2828   0  39  38
2183 2825   0  39  38
2180 2823   0  39  38
% 
% .PEN_DOWN
2178 2823  34  39  38
2179 2822  39  39  38
2179 2823  44  39  38
2183 2825  49  38  38
2188 2831  54  38  38
2197 2837  56  36  38
2208 2847  57  35  40
2220 2856  55  35  40
2231 2866  57  35  40
2241 2875  55  35  40
2247 2884  57  35  42
2253 2893  58  35  42
2258 2898  56  35  42
2257 2904  52  35  42
2254 2908  50  35  44
2249 2910  49  35  44
2243 2909  47  36  45
2235 2906  45  36  45
2227 2901  44  36  44
2218 2892  46  38  44
2209 2881  45  38  44
2203 2870  44  37  43
2199 2858  44  37  43
2197 2847  46  37  43
2198 2838  45  38  41
2201 2830  47  39  41
2205 2823  48  39  41
2213 2821  46  38  41
2222 2822  40  38  41
2233 2826  32  38  41
2245 2836  23  38  41
2259 2849  14  38  41
% 
% .PEN_UP
2275 2860   0  38  41
2289 2879   0  38  41
2306 2896   0  39  42
2321 2913   0  39  42
2334 2927   0  39  44
2344 2935   0  38  44
2348 2939   0  37  43
2351 2940   0  37  43
% 
% .PEN_DOWN
2352 2942  30  37  42
2352 2943  34  37  42
2353 2942  39  37  42
2352 2942  44  37  42
2352 2943  46  35  42
2352 2943  47  35  42
2351 2943  48  35  43
2352 2943  48  35  44
2351 2946  51  35  44
2352 2947  52  34  44
2351 2949  50  34  44
2351 2951  52  35  44
2352 2952  53  36  44
2352 2957  51  36  44
2349 2959  50  36  44
2344 2959  49  36  44
2338 2958  49  37  44
2326 2951  49  37  44
2309 2938  49  37  43
2294 2923  49  37  42
2283 2910  49  37  43
2275 2897  49  37  43
2269 2883  49  37  42
2266 2873  51  37  42
2267 2869  50  37  43
2270 2866  52  37  43
2276 2866  53  37  42
2289 2875  53  37  42
2301 2883  53  38  41
2315 2892  53  38  41
2329 2905  53  38  41
2341 2916  53  37  41
2349 2922  53  37  41
2353 2925  56  35  41
2355 2927  57  35  41
2354 2925  60  36  41
2349 2917  62  36  42
2339 2904  63  37  42
2323 2884  61  37  41
2301 2860  62  37  41
2276 2831  63  37  41
2246 2805  63  39  41
2215 2783  63  39  39
2188 2760  63  39  40
2168 2740  63  39  40
2153 2724  63  40  40
2144 2710  61  40  38
2140 2702  57  38  38
2139 2697  48  38  38
2142 2702  38  38  38
2155 2714  31  37  38
2175 2732  23  37  38
% 
% .PEN_UP
2201 2756   0  37  38
2226 2781   0  37  38
2249 2811   0  37  39
2273 2844   0  38  44
2296 2876   0  38  44
2321 2910   0  37  44
2345 2936   0  37  46
2367 2952   0  36  46
2383 2964   0  36  43
2395 2973   0  36  43
2404 2979   0  36  43
% 
% .PEN_DOWN
2410 2982  34  36  43
2414 2983  44  36  43
2417 2984  51  36  43
2418 2984  55  36  43
2418 2982  57  36  42
2416 2976  60  36  43
2410 2966  62  36  43
2404 2957  60  36  42
2399 2945  62  36  42
2395 2936  63  36  42
2394 2926  63  36  42
2395 2919  63  36  42
2398 2911  63  36  42
2407 2907  63  34  42
2419 2910  63  34  42
2437 2919  63  34  42
2459 2930  63  35  42
2486 2942  63  35  43
2515 2954  63  31  43
2539 2966  63  31  43
2560 2976  63  31  43
2578 2981  61  31  43
2594 2983  60  34  43
2608 2988  52  34  43
2622 2992  40  33  43
2637 2994  22  33  43
% 
