% .SEGMENT LETTER ? ? "0"
% 
% .PEN_DOWN
1965 3080   2  35  47
1967 3080   3  35  47
1968 3082   6  35  46
1969 3083  10  35  46
1969 3083  12  35  46
1970 3084  16  35  46
1971 3085  20  35  48
1973 3086  22  36  47
1974 3087  23  36  47
1975 3088  23  38  47
1976 3088  24  38  45
1976 3088  26  38  45
1975 3088  28  38  45
1972 3086  28  38  44
1969 3079  29  38  44
1959 3070  31  38  44
1946 3055  30  38  45
1925 3037  32  37  45
1897 3019  30  37  45
1863 2999  32  37  45
1829 2976  33  37  44
1795 2949  33  39  45
1755 2915  34  39  45
1714 2879  34  40  45
1676 2844  34  40  45
1640 2813  34  38  45
1601 2786  36  38  44
1567 2764  37  40  44
1542 2744  38  40  44
1525 2732  38  40  44
1516 2726  39  40  44
1514 2726  39  40  44
1519 2733  39  39  46
1531 2744  39  39  46
1553 2760  39  39  46
1584 2781  39  39  46
1619 2806  39  39  45
1656 2833  39  40  46
1697 2859  39  40  46
1738 2885  39  39  46
1774 2908  39  41  47
1804 2925  39  40  47
1826 2935  36  40  47
1838 2938  35  41  47
1845 2936  32  41  47
1842 2929  31  39  46
1831 2915  32  39  46
1815 2894  33  39  46
1789 2867  31  39  46
1753 2838  32  39  46
1711 2808  33  39  46
1670 2776  33  39  46
1625 2743  34  39  45
1578 2708  36  40  45
1537 2675  37  40  45
1500 2643  38  39  45
1468 2619  38  39  45
1440 2599  39  37  45
1418 2587  41  38  45
1408 2581  42  38  45
1404 2578  45  38  45
1405 2584  47  38  45
1421 2595  48  38  45
1442 2614  48  36  46
1474 2645  48  36  46
1522 2684  48  36  46
1581 2729  48  36  46
1651 2778  48  36  44
1729 2830  48  36  44
1812 2884  48  36  44
1896 2930  48  35  43
1980 2968  48  35  43
2053 3001  49  35  44
2124 3029  49  35  44
2185 3056  49  35  44
2238 3080  46  34  44
2283 3098  42  34  46
2322 3115  38  35  46
2350 3129  31  35  47
2370 3137  23  35  47
2383 3146  11  35  47
% 
% .PEN_UP
2390 3151   0  35  47
2391 3156   0  35  47
2384 3159   0  34  47
2369 3159   0  33  47
2350 3158   0  33  47
2326 3158   0  33  46
2301 3155   0  33  46
2274 3152   0  33  48
2250 3149   0  33  48
2214 3141   0  33  49
2181 3127   0  39  49
2144 3113   0  39  46
2116 3099   0  39  46
2086 3086   0  39  39
2063 3075   0  35  39
2048 3060   0  35  42
2030 3049   0  38  42
2017 3033   0  38  42
2009 3020   0  38  42
2008 3012   0  38  42
2010 3004   0  39  42
2017 2999   0  39  42
2029 2996   0  38  42
2039 2995   0  35  42
2048 2999   0  35  42
2058 3001   0  35  42
2068 3003   0  37  42
2074 3004   0  37  42
2077 3004   0  38  42
2076 3001   0  38  42
% 
% .PEN_DOWN
2068 2997   8  36  42
2055 2990  11  36  42
2038 2979  13  35  42
2016 2964  16  35  45
1989 2945  17  35  45
1958 2918  18  35  45
1919 2888  19  36  45
1872 2854  21  38  45
1825 2819  25  36  45
1773 2786  27  36  46
1719 2748  30  38  46
1666 2705  32  38  45
1613 2664  33  39  45
1567 2628  33  39  45
1529 2599  34  39  46
1500 2578  34  39  46
1481 2562  34  36  46
1471 2555  34  36  47
1469 2551  34  35  47
1475 2554  36  35  47
1489 2566  35  35  47
1517 2587  34  36  47
1560 2613  37  36  47
1611 2654  40  36  44
1677 2700  42  36  44
1748 2748  40  36  44
1833 2800  42  33  45
1920 2851  43  33  45
2012 2903  43  33  45
2106 2948  44  33  45
2194 2985  44  33  45
2281 3016  44  33  45
2357 3045  44  33  45
2429 3069  44  33  45
2489 3091  44  33  45
2537 3111  41  32  45
2573 3124  35  32  45
2600 3131  27  32  45
2615 3132  16  31  45
% 
% .PEN_UP
2619 3134   0  31  45
2612 3134   0  31  45
2597 3132   0  31  45
2574 3126   0  31  45
2543 3120   0  31  43
2503 3112   0  31  43
2462 3101   0  24  44
2423 3084   0  24  44
2383 3072   0  24  39
2341 3060   0  27  39
2304 3049   0  27  37
2273 3037   0  27  37
2235 3021   0  27  37
2205 3013   0  39  37
2160 2983   0  39  25
2118 2967   0  30  27
2082 2953   0  30  27
2042 2902   0  23  27
2009 2877   0  23  23
1980 2843   0  23  23
1955 2831   0  23  23
1919 2811   0  28  23
1888 2791   0  28  34
1859 2764   0  37  42
1832 2742   0  37  42
1812 2721   0  37  42
1793 2703   0  37  44
1779 2686   0  39  42
1766 2667   0  39  42
1754 2658   0  40  42
1745 2654   0  40  45
1740 2650   0  36  45
1741 2651   0  36  43
1744 2649   0  41  41
1748 2645   0  41  41
1750 2644   0  43  41
1752 2644   0  43  40
1754 2642   0  41  40
1754 2642   0  41  40
1754 2640   0  40  39
1752 2643   0  40  39
1752 2650   0  42  39
1754 2656   0  42  41
1753 2659   0  43  45
1755 2664   0  43  45
1757 2668   0  43  45
1757 2672   0  43  41
1758 2672   0  39  42
1757 2674   0  39  42
1754 2677   0  39  42
1750 2674   0  39  40
1746 2672   0  43  40
1739 2664   0  43  41
1733 2655   0  44  39
1723 2645   0  44  39
1715 2632   0  43  39
1705 2627   0  43  39
1695 2620   0  44  39
% 
% .PEN_DOWN
1688 2614  18  44  39
1685 2611  18  42  39
1684 2611  19  42  39
1687 2612  19  42  39
1692 2617  19  44  38
1702 2623  21  44  38
1718 2633  23  44  40
1739 2648  21  42  40
1762 2668  22  42  43
1786 2691  21  42  42
1809 2714  22  42  42
1833 2734  21  44  42
1859 2752  20  44  41
1880 2768  19  44  41
1898 2780  19  43  41
1911 2790  19  43  41
1918 2797  19  43  41
1920 2804  19  42  41
1917 2805  22  43  41
1910 2807  23  43  41
1897 2803  23  43  41
1878 2795  21  43  43
1858 2785  23  43  41
1841 2772  23  45  41
1826 2757  24  45  43
1813 2741  24  45  43
1805 2728  24  45  44
1800 2716  24  45  44
1800 2705  24  45  43
1804 2698  24  45  43
1810 2696  24  45  44
1820 2699  24  45  44
1835 2707  24  45  45
1854 2720  24  42  43
1875 2733  24  42  43
1895 2749  24  41  43
1915 2765  27  41  43
1930 2782  25  41  43
1945 2796  25  41  43
1955 2807  24  41  43
1961 2815  27  41  43
1964 2820  30  41  43
1965 2823  34  41  41
1963 2821  37  41  41
1958 2817  38  41  41
1951 2808  38  41  41
1940 2797  38  41  41
1931 2788  39  42  40
1923 2779  36  42  40
1918 2771  37  41  40
1917 2768  38  41  40
1918 2765  36  40  40
1921 2766  37  40  40
1927 2770  38  40  40
1938 2777  36  40  40
1948 2789  35  40  40
1960 2799  37  40  40
1974 2813  35  40  40
1985 2826  35  41  42
1997 2837  34  41  42
2007 2847  34  41  41
2014 2853  34  41  41
2017 2856  36  42  43
2018 2859  35  42  43
2018 2856  34  42  42
2015 2854  29  42  42
2012 2850  19  42  43
2010 2846   9  41  43
% 
% .PEN_UP
2007 2844   0  41  42
2008 2843   0  42  42
2013 2846   0  44  44
2020 2852   0  44  44
2031 2863   0  44  44
2042 2879   0  42  44
2054 2897   0  42  43
2068 2915   0  38  46
2082 2933   0  38  46
2095 2950   0  38  46
2105 2961   0  38  45
2112 2968   0  38  44
% 
% .PEN_DOWN
2117 2972   6  38  44
2119 2974  12  38  44
2120 2975  18  38  43
2120 2974  21  38  45
2116 2969  25  38  45
2110 2957  27  38  45
2103 2944  28  38  45
2096 2927  29  38  45
2087 2909  29  39  46
2077 2888  31  39  46
2068 2871  30  39  43
2062 2856  30  40  43
2057 2843  29  40  43
2052 2833  32  40  43
2051 2826  33  40  43
2051 2823  31  38  43
2053 2822  30  38  43
2058 2821  32  38  43
2065 2827  30  38  41
2076 2837  30  38  41
2087 2847  29  38  43
2099 2865  29  38  43
2110 2880  29  39  43
2120 2894  29  39  43
2128 2906  29  39  44
2134 2915  29  40  44
2138 2922  29  40  44
2139 2925  31  41  45
2141 2925  35  41  45
2139 2921  37  41  45
2134 2915  38  41  45
2128 2904  38  41  45
2121 2892  39  41  44
2112 2876  39  41  44
2107 2864  39  41  44
2101 2853  39  41  44
2098 2844  36  41  45
2098 2839  33  41  43
2100 2835  28  41  43
2105 2835  21  41  43
2111 2837  13  42  44
% 
% .PEN_UP
2119 2841   0  41  44
2128 2848   0  41  45
2138 2858   0  42  45
2149 2870   0  42  44
2160 2885   0  43  44
2174 2898   0  43  44
2189 2913   0  42  44
2204 2924   0  42  45
2216 2932   0  40  47
2225 2938   0  40  47
2230 2940   0  39  47
2233 2941   0  39  48
2233 2943   0  38  48
% 
% .PEN_DOWN
2231 2944  20  38  48
2230 2944  22  38  44
2227 2945  26  38  44
2223 2946  25  39  44
2219 2945  27  39  44
2214 2946  28  40  44
2209 2946  28  40  44
2202 2944  26  38  44
2194 2941  28  38  44
2186 2934  26  39  44
2175 2925  25  38  45
2165 2913  24  38  45
2156 2902  24  38  44
2149 2891  24  40  44
2143 2880  24  40  44
2140 2872  24  41  44
2138 2866  24  41  44
2140 2862  24  43  44
2145 2862  27  43  44
2152 2866  28  40  44
2163 2874  28  40  43
2176 2887  29  40  43
2192 2899  29  40  43
2207 2911  29  39  43
2217 2921  29  39  44
2226 2927  29  38  44
2231 2931  29  38  44
2233 2932  29  38  44
2233 2932  29  38  45
2231 2929  31  38  45
2228 2922  33  38  45
2224 2912  33  39  45
2216 2901  33  39  44
2211 2891  34  38  44
2207 2881  34  39  42
2207 2875  34  39  42
2209 2870  29  39  41
2215 2870  24  38  41
2222 2874  17  38  41
% 
% .PEN_UP
2232 2879   0  38  40
2243 2887   0  38  40
2250 2898   0  38  40
2258 2910   0  38  43
2265 2920   0  38  43
2272 2931   0  38  43
2277 2938   0  38  43
2279 2946   0  38  44
2280 2950   0  40  44
2279 2949   0  40  45
2276 2949   0  40  45
2274 2947   0  40  45
% 
% .PEN_DOWN
2273 2945  20  40  45
2272 2944  22  40  44
2273 2943  23  40  44
2275 2942  24  40  44
2279 2942  26  40  44
2284 2943  28  40  44
2291 2948  28  39  44
2301 2954  29  39  44
2314 2962  29  39  44
2324 2969  29  39  44
2333 2977  26  39  44
2342 2982  28  37  44
2347 2988  28  38  44
2353 2994  29  38  44
2354 3000  29  37  44
2353 3003  29  38  44
2351 3009  29  37  44
2346 3009  29  37  44
2338 3007  29  38  44
2327 3003  29  38  44
2315 2997  29  38  44
2303 2988  34  38  44
2292 2980  34  39  44
2285 2969  36  39  43
2282 2959  38  38  43
2282 2950  38  39  46
2281 2945  38  39  46
2285 2939  39  39  45
2291 2936  39  38  45
2298 2936  39  38  45
2309 2938  39  38  45
2322 2944  36  38  45
2335 2949  33  37  45
2349 2957  26  37  44
2361 2964  20  35  42
2371 2970  15  35  42
2381 2978  12  35  42
2388 2982   8  35  42
2394 2986   6  35  42
2397 2988   5  35  42
2400 2991   7  35  42
2401 2992   8  35  42
2402 2993  11  35  42
2404 2993  13  35  42
2404 2994  13  35  42
2405 2994  14  35  42
2405 2995  16  35  42
2406 2996  18  35  42
2408 2996  18  35  42
2411 2998  19  35  42
2412 3002  19  35  42
2417 3004  19  35  42
2421 3006  19  35  42
2425 3008  19  35  42
2425 3009  19  35  42
2426 3013  19  35  42
2427 3014  19  35  42
2427 3015  19  35  42
2423 3017  19  35  42
2417 3017  19  35  42
2411 3015  19  35  42
2402 3011  22  35  42
2392 3005  23  37  42
2381 2998  26  37  42
2370 2992  30  37  44
2362 2983  32  37  44
2355 2979  33  36  44
2352 2973  33  36  44
2352 2968  34  35  44
2353 2965  34  34  42
2359 2963  34  34  42
2367 2966  36  34  42
2379 2970  35  34  42
2391 2978  37  34  42
2402 2986  38  34  42
2413 2993  38  34  42
2421 3000  39  34  42
2428 3005  39  35  42
2434 3010  39  34  42
2435 3011  39  34  42
2436 3010  39  35  42
2435 3008  39  35  42
2431 3001  39  35  42
2425 2991  41  35  42
2415 2975  43  35  42
2401 2957  43  35  43
2381 2934  46  38  43
2354 2908  45  38  43
2326 2882  47  38  43
2304 2859  48  38  43
2287 2840  48  38  43
2275 2827  46  38  43
2267 2818  45  38  43
2265 2813  42  38  43
2265 2811  38  38  43
2268 2816  33  38  43
2275 2825  26  37  43
2289 2837  18  38  44
2307 2857   9  38  44
% 
% .PEN_UP
2327 2882   0  38  44
2349 2913   0  38  44
2372 2944   0  38  45
2395 2975   0  38  45
2414 3003   0  38  45
2436 3026   0  38  45
2458 3048   0  38  47
2479 3062   0  39  47
2497 3074   0  38  47
2506 3080   0  38  47
2511 3083   0  38  45
% 
% .PEN_DOWN
2514 3085  29  36  45
2516 3084  31  36  44
2516 3081  35  34  44
2512 3074  37  35  42
2505 3062  38  35  42
2494 3049  41  35  42
2482 3035  45  35  42
2472 3023  47  35  42
2466 3014  48  36  42
2463 3006  48  35  42
2465 3000  51  35  42
2469 2997  52  35  42
2479 2996  53  34  42
2493 2998  53  34  42
2512 3004  53  32  42
2535 3012  53  32  42
2556 3023  53  32  42
2578 3033  53  33  42
2600 3043  53  33  42
2624 3048  51  33  42
2644 3056  45  33  42
2661 3058  34  33  42
2675 3060  17  32  42
% 
