% .SEGMENT LETTER ? ? "0"
% 
% .PEN_DOWN
1938 3129   2  37  45
1939 3130   3  37  45
1941 3130   4  37  45
1942 3131   6  37  45
1942 3131  10  37  45
1944 3131  12  37  45
1946 3131  16  37  45
1947 3132  20  37  45
1947 3132  24  37  45
1950 3136  27  37  45
1952 3140  30  37  45
1954 3142  32  37  44
1957 3145  35  37  44
1959 3147  40  37  44
1961 3148  42  37  44
1963 3149  43  37  44
1964 3152  46  37  44
1966 3153  47  37  44
1968 3153  48  37  44
1970 3152  48  37  40
1970 3151  48  37  40
1971 3152  51  37  42
1970 3150  52  37  41
1971 3147  55  37  41
1967 3143  57  37  41
1963 3135  58  36  41
1953 3120  58  37  41
1940 3104  58  37  43
1925 3087  58  36  43
1902 3067  58  37  43
1876 3045  58  37  43
1847 3021  58  37  43
1818 2996  58  37  43
1783 2969  58  37  43
1745 2937  58  41  44
1707 2902  59  41  44
1673 2867  59  41  44
1641 2838  59  41  45
1610 2812  59  39  45
1584 2796  59  39  45
1571 2788  59  39  45
1566 2787  56  39  45
1571 2792  57  39  45
1585 2803  58  39  45
1609 2819  58  36  45
1636 2841  58  36  45
1668 2868  58  36  45
1705 2894  58  38  46
1742 2918  58  38  46
1772 2936  58  38  47
1794 2947  58  38  47
1810 2953  58  38  45
1820 2956  58  37  44
1822 2952  59  37  44
1819 2941  61  37  44
1807 2921  62  37  44
1785 2892  63  37  44
1750 2858  61  37  44
1711 2822  60  38  44
1670 2785  59  38  44
1627 2745  61  38  44
1580 2704  62  40  43
1541 2667  60  40  43
1507 2634  59  40  42
1482 2611  59  40  42
1466 2598  61  40  42
1456 2591  60  37  42
1455 2591  59  37  42
1459 2593  59  36  42
1472 2605  59  36  42
1492 2630  59  36  42
1525 2664  59  36  41
1573 2708  59  37  41
1630 2755  59  37  42
1703 2807  59  37  43
1786 2871  59  37  43
1875 2929  59  36  43
1970 2982  56  36  43
2056 3031  55  35  45
2142 3079  54  35  45
2219 3118  56  33  45
2287 3149  57  33  44
2345 3175  58  33  44
2393 3197  58  33  44
2436 3215  56  33  44
2470 3228  47  33  44
2492 3237  36  33  44
2504 3242  20  33  43
% 
% .PEN_UP
2506 3241   0  33  43
2496 3239   0  33  43
2480 3232   0  32  43
2458 3224   0  32  43
2432 3212   0  36  43
2405 3206   0  36  43
2374 3194   0  35  46
2343 3182   0  35  46
2310 3173   0  33  46
2282 3163   0  33  41
2256 3153   0  33  41
2236 3147   0  33  46
2210 3141   0  26  43
2196 3124   0  26  43
2178 3115   0  29  43
2166 3116   0  29  42
2162 3114   0  30  42
2163 3113   0  34  44
2173 3109   0  34  44
2182 3107   0  34  46
2195 3109   0  33  46
2208 3111   0  33  46
2221 3107   0  33  46
2232 3110   0  33  46
2240 3112   0  33  46
% 
% .PEN_DOWN
2244 3109  17  33  46
2249 3105  18  33  46
2249 3098  18  33  46
2247 3092  19  33  46
2241 3082  19  34  45
2229 3069  24  34  45
2208 3055  31  34  45
2181 3038  38  35  45
2151 3018  43  35  45
2118 2998  48  35  45
2077 2974  51  35  45
2030 2943  52  35  45
1980 2901  55  35  43
1922 2859  57  35  43
1863 2819  58  35  43
1801 2772  58  35  42
1741 2725  58  35  42
1687 2674  61  36  42
1640 2631  60  36  40
1597 2599  59  37  40
1563 2571  59  37  40
1543 2554  59  37  40
1531 2544  61  37  42
1532 2542  62  37  43
1546 2552  60  37  43
1574 2570  62  36  43
1615 2602  60  36  43
1670 2648  59  36  43
1738 2707  59  36  43
1821 2767  59  36  43
1908 2831  59  36  44
2006 2897  59  35  44
2109 2956  59  35  44
2207 3010  59  34  44
2305 3062  59  34  44
2395 3106  56  34  44
2476 3143  55  34  44
2540 3171  52  34  44
2592 3187  45  33  44
2631 3198  39  33  44
2654 3199  29  33  44
2659 3196  19  31  44
% 
% .PEN_UP
2650 3188   0  31  44
2625 3175   0  31  44
2592 3153   0  31  44
2547 3129   0  31  44
2494 3101   0  31  42
2440 3070   0  33  39
2379 3039   0  33  39
2323 3012   0  32  39
2262 2982   0  32  39
2206 2946   0  32  39
2151 2904   0  32  39
2103 2875   0  32  39
2049 2847   0  32  32
2011 2817   0  41  32
1972 2789   0  41  32
1940 2773   0  41  32
1906 2752   0  41  35
1878 2739   0  41  35
1858 2723   0  41  37
1839 2709   0  48  41
1825 2690   0  48  41
1817 2675   0  48  41
1809 2664   0  48  40
1801 2654   0  48  40
1795 2644   0  48  39
1790 2635   0  48  39
1786 2629   0  48  39
1784 2624   0  48  39
1779 2622   0  48  39
1780 2618   0  48  39
1778 2617   0  48  39
1775 2615   0  48  39
1773 2615   0  48  39
1771 2612   0  43  39
1768 2611   0  41  39
1765 2612   0  41  39
% 
% .PEN_DOWN
1762 2613  12  41  39
1761 2611  15  41  39
1758 2611  20  41  39
1759 2610  22  39  39
1759 2606  28  39  39
1760 2603  33  39  39
1762 2604  39  39  39
1768 2603  41  38  39
1778 2608  45  38  39
1791 2620  47  38  42
1807 2634  48  38  42
1825 2654  48  40  42
1845 2677  48  40  41
1864 2697  48  41  41
1881 2715  48  41  41
1892 2732  48  41  41
1898 2745  48  40  41
1900 2756  48  39  41
1896 2763  51  39  40
1888 2762  52  40  40
1875 2756  53  40  38
1857 2745  53  39  40
1838 2726  53  39  40
1822 2701  53  42  40
1808 2676  53  42  38
1796 2653  53  42  38
1790 2633  53  42  38
1788 2619  53  42  38
1789 2610  53  42  38
1796 2606  53  42  38
1803 2609  54  42  38
1815 2614  54  42  38
1830 2628  54  42  40
1847 2645  54  42  40
1867 2666  54  42  40
1884 2688  51  39  41
1902 2710  50  39  41
1916 2727  49  39  41
1929 2742  49  39  39
1937 2752  49  39  39
1940 2757  49  39  41
1942 2760  51  39  41
1938 2757  50  39  41
1931 2750  52  39  41
1921 2738  53  39  41
1910 2723  53  40  41
1897 2707  53  40  41
1887 2693  53  42  41
1879 2683  53  42  42
1876 2674  53  40  43
1875 2668  53  40  43
1877 2666  53  40  43
1881 2670  53  40  43
1889 2677  53  40  43
1901 2686  54  39  43
1914 2701  54  39  43
1926 2717  54  39  42
1937 2731  54  39  42
1949 2746  56  39  41
1960 2760  57  39  41
1969 2772  58  39  41
1978 2781  58  37  41
1984 2787  58  37  41
1986 2790  58  39  41
1987 2792  61  38  41
1988 2791  60  38  41
1987 2791  59  38  41
1985 2787  59  37  41
1983 2784  59  37  41
1980 2781  59  37  41
1979 2778  54  37  41
1978 2776  46  37  41
1979 2774  35  37  41
1981 2776  22  39  41
% 
% .PEN_UP
1986 2780   0  39  41
1995 2788   0  40  41
2008 2802   0  40  41
2022 2817   0  40  41
2034 2836   0  40  40
2047 2856   0  38  40
2061 2875   0  39  41
2074 2892   0  39  41
2082 2903   0  39  45
2090 2912   0  39  45
2094 2919   0  39  45
2096 2925   0  39  43
% 
% .PEN_DOWN
2100 2929  40  39  43
2105 2937  42  39  43
2109 2941  45  39  44
2111 2943  49  39  44
2111 2942  54  39  42
2109 2935  56  39  42
2103 2918  57  39  43
2097 2901  58  39  43
2087 2879  58  39  43
2076 2855  58  38  43
2064 2832  58  38  43
2052 2813  58  38  43
2042 2799  58  38  43
2036 2789  58  38  43
2032 2778  58  38  43
2030 2772  58  37  43
2029 2769  58  37  37
2034 2770  59  38  37
2038 2773  59  38  34
2048 2780  59  39  34
2059 2791  59  39  34
2071 2802  59  39  34
2083 2819  59  39  34
2095 2835  59  39  38
2103 2847  59  39  38
2110 2856  59  39  38
2115 2861  59  39  41
2119 2865  59  39  41
2119 2864  59  39  42
2120 2859  59  39  42
2116 2849  59  39  41
2112 2836  59  39  41
2106 2820  59  39  41
2100 2805  59  39  41
2095 2795  59  39  41
2091 2787  59  39  41
2090 2782  59  39  41
2091 2779  59  39  41
2093 2779  59  39  41
2098 2782  59  39  41
2105 2786  56  39  41
2113 2795  50  39  41
2125 2806  42  38  41
2137 2819  30  38  41
2151 2833  22  38  40
2167 2848  16  38  40
2182 2862  13  38  40
2194 2871  11  39  42
2203 2878  13  39  42
2211 2883  18  38  42
2215 2887  24  38  41
2218 2887  31  38  41
2220 2890  40  36  40
2220 2891  47  36  40
2220 2892  50  36  40
2222 2895  54  35  40
2225 2901  56  35  41
2227 2906  57  35  42
2230 2911  58  35  42
2232 2918  58  36  42
2231 2924  58  36  41
2230 2931  58  37  41
2229 2936  58  36  43
2227 2939  58  36  43
2222 2939  58  36  42
2214 2933  58  37  42
2204 2923  58  37  41
2193 2910  58  38  41
2183 2896  59  38  42
2173 2879  59  38  42
2167 2866  59  38  41
2164 2853  59  38  41
2163 2844  59  38  40
2167 2839  59  38  40
2172 2837  59  38  41
2179 2838  59  39  39
2189 2845  59  39  39
2202 2855  59  37  39
2213 2867  59  37  40
2222 2879  59  36  40
2230 2889  59  37  41
2235 2896  59  37  41
2238 2899  59  37  42
2240 2901  59  37  42
2240 2901  61  37  42
2238 2896  60  37  42
2235 2888  59  37  42
2231 2877  61  36  42
2228 2867  62  35  41
2224 2857  63  35  41
2222 2849  61  35  41
2223 2842  60  36  41
2225 2838  54  36  42
2231 2836  44  37  42
2238 2839  31  37  42
2245 2844  15  37  42
% 
% .PEN_UP
2255 2857   0  37  42
2263 2868   0  37  41
2268 2880   0  37  41
2275 2892   0  37  41
2279 2903   0  37  41
2283 2913   0  37  41
2285 2919   0  40  42
2286 2919   0  40  42
2284 2921   0  40  42
2282 2922   0  36  42
% 
% .PEN_DOWN
2282 2920  33  36  44
2284 2922  36  38  44
2287 2924  40  40  41
2293 2924  44  40  41
2299 2927  49  40  41
2307 2931  54  39  41
2317 2939  56  39  41
2327 2947  55  39  43
2337 2954  57  39  43
2344 2963  58  37  43
2352 2969  58  37  41
2357 2976  58  37  41
2359 2982  58  37  41
2360 2986  58  37  41
2356 2991  58  37  41
2352 2992  58  37  41
2345 2993  58  37  41
2337 2989  58  36  41
2331 2985  58  36  41
2323 2977  59  35  41
2315 2965  59  35  40
2309 2954  59  35  40
2306 2943  59  35  40
2305 2934  59  34  40
2305 2923  59  35  41
2308 2918  59  36  41
2315 2916  59  36  42
2326 2920  59  35  42
2339 2926  56  35  42
2354 2935  50  36  41
2369 2948  42  36  41
2382 2959  33  35  41
2394 2972  26  35  43
2402 2981  22  35  43
2411 2991  21  35  43
2417 2998  17  35  43
2423 3004  18  35  43
2426 3005  19  35  43
2427 3007  21  35  43
2428 3009  25  35  43
2430 3008  29  35  43
2432 3006  34  36  43
2432 3003  39  36  43
2433 3003  41  34  43
2438 3005  45  34  43
2439 3005  47  34  43
2442 3005  48  34  43
2447 3008  48  32  43
2452 3009  48  32  43
2455 3013  48  33  43
2458 3014  51  33  43
2462 3017  50  36  43
2462 3021  49  36  43
2463 3026  51  35  43
2463 3029  52  35  43
2460 3034  55  35  43
2455 3037  57  34  43
2448 3038  58  34  43
2441 3035  58  34  42
2430 3028  58  33  42
2419 3019  58  33  42
2409 3007  58  33  42
2400 2996  58  33  42
2394 2988  58  34  42
2392 2981  58  34  41
2394 2976  58  36  41
2397 2973  58  36  42
2402 2973  59  36  42
2410 2978  59  36  43
2418 2984  56  36  43
2428 2989  55  36  43
2437 2996  57  34  43
2446 3003  58  34  43
2453 3010  56  36  43
2456 3013  55  36  43
2457 3015  57  35  43
2457 3015  58  35  43
2454 3011  58  36  43
2447 3004  58  36  43
2437 2995  58  39  43
2427 2981  58  39  43
2412 2960  58  39  43
2393 2930  58  39  43
2366 2896  58  38  43
2332 2857  58  38  42
2302 2822  58  38  42
2275 2791  59  38  42
2252 2764  59  38  41
2238 2744  59  38  41
2226 2727  59  36  41
2221 2719  59  36  40
2219 2715  59  37  40
2220 2715  59  36  41
2223 2724  56  36  41
2232 2737  50  36  41
2244 2755  44  36  41
2259 2778  34  36  38
2279 2807  24  36  39
% 
% .PEN_UP
2306 2846   0  36  39
2335 2891   0  34  39
2364 2933   0  34  38
2393 2966   0  34  38
2422 2996   0  34  38
2451 3020   0  36  38
2475 3041   0  36  40
% 
% .PEN_DOWN
2496 3061  25  36  44
2516 3075  32  36  44
2533 3089  38  35  44
2547 3100  43  35  45
2557 3107  48  35  45
2562 3112  53  35  43
2563 3110  56  35  43
2558 3100  57  35  42
2548 3087  58  35  43
2534 3070  58  35  43
2515 3050  58  36  43
2498 3031  58  35  43
2483 3013  58  36  43
2476 3002  58  36  43
2472 2993  58  35  43
2472 2987  58  35  43
2478 2985  58  35  43
2491 2988  58  35  43
2509 2994  59  36  43
2530 3005  59  36  43
2551 3019  61  36  43
2572 3032  60  34  43
2602 3050  62  34  43
2636 3066  63  34  44
2670 3079  63  34  44
2703 3091  63  34  43
2738 3102  61  34  43
2778 3110  60  34  43
2813 3117  57  33  43
2846 3125  43  33  42
% 
