% .SEGMENT LETTER ? ? "0"
% 
% .PEN_DOWN
1838 2998   3  43  49
1840 3001   4  42  49
1843 3004   6  42  49
1846 3004   8  42  49
1850 3005  11  42  49
1852 3006  13  42  49
1853 3007  16  40  49
1856 3007  20  40  49
1858 3009  22  40  49
1858 3011  23  39  49
1858 3011  26  39  49
1859 3011  30  39  49
1858 3009  32  39  49
1854 3005  35  40  49
1847 2998  37  40  49
1835 2989  38  43  49
1820 2977  38  40  48
1799 2958  39  40  48
1773 2934  39  40  47
1738 2905  39  41  47
1701 2873  41  41  44
1664 2837  42  41  44
1623 2803  43  41  43
1579 2772  43  43  43
1542 2743  44  43  44
1512 2716  46  43  44
1490 2694  47  41  44
1475 2681  48  41  44
1469 2675  48  41  43
1470 2675  48  41  43
1479 2684  48  41  44
1496 2706  48  41  46
1523 2730  48  41  46
1559 2755  48  41  46
1598 2781  48  41  46
1635 2806  46  43  46
1670 2828  47  41  46
1703 2845  46  41  46
1730 2860  45  41  45
1747 2868  44  39  45
1756 2868  44  39  44
1755 2860  44  40  44
1742 2845  44  40  45
1721 2827  44  41  45
1693 2801  44  41  45
1661 2772  44  41  45
1623 2739  44  41  45
1581 2704  46  41  45
1543 2668  47  41  45
1510 2634  48  41  45
1482 2607  48  41  45
1462 2588  46  39  45
1448 2578  47  38  45
1441 2572  48  38  45
1439 2571  48  38  45
1444 2573  48  37  45
1455 2584  48  37  45
1473 2599  48  37  44
1500 2625  48  37  44
1541 2658  51  37  44
1590 2702  52  37  44
1648 2749  53  38  44
1716 2795  53  36  44
1788 2846  53  36  44
1867 2898  53  36  44
1943 2945  53  36  44
2020 2986  53  35  44
2090 3024  53  35  44
2158 3056  53  35  45
2216 3087  51  35  44
2265 3113  50  35  45
2309 3134  47  36  45
2346 3148  43  36  44
2374 3159  36  36  46
2394 3166  27  36  45
2407 3170  16  36  45
% 
% .PEN_UP
2414 3172   0  36  46
2415 3173   0  36  46
2412 3172   0  36  46
2405 3172   0  36  47
2395 3172   0  36  47
2384 3172   0  35  47
2374 3175   0  35  50
2362 3176   0  33  50
2349 3173   0  37  51
2335 3174   0  37  51
2323 3173   0  37  54
2310 3171   0  40  54
2300 3165   0  40  52
2289 3160   0  40  52
2282 3162   0  40  57
2271 3159   0  40  57
2258 3148   0  40  52
2242 3140   0  37  52
2232 3130   0  37  48
2219 3118   0  38  48
2204 3101   0  38  49
2188 3087   0  38  49
2174 3071   0  38  48
2160 3057   0  36  48
2148 3043   0  36  48
2138 3034   0  37  48
2130 3026   0  37  48
2122 3020   0  37  48
% 
% .PEN_DOWN
2117 3017   6  37  48
2113 3015   7  37  48
2109 3013  11  37  48
2107 3013  17  37  48
2106 3012  21  37  48
2103 3010  25  37  48
2099 3008  27  37  48
2093 3005  28  37  48
2084 3000  28  37  48
2071 2992  29  37  48
2052 2981  29  37  47
2028 2965  29  36  46
1999 2945  31  36  46
1968 2917  33  36  46
1930 2884  36  39  45
1884 2848  37  37  45
1837 2813  38  37  45
1790 2777  41  39  45
1739 2736  42  39  47
1694 2695  43  39  47
1652 2653  43  39  47
1616 2621  44  39  47
1584 2596  44  39  47
1561 2577  44  41  47
1547 2567  44  41  47
1542 2562  46  39  47
1548 2566  47  39  47
1568 2577  48  38  47
1598 2600  48  38  45
1638 2635  51  38  45
1691 2679  52  38  46
1752 2729  53  38  46
1827 2778  53  38  44
1903 2829  53  37  46
1986 2881  53  37  46
2069 2928  56  38  46
2150 2967  57  38  46
2225 3003  55  36  46
2296 3030  54  36  44
2354 3059  51  36  44
2405 3082  50  36  45
2448 3100  47  34  45
2483 3114  43  30  43
2508 3122  36  30  43
2522 3127  27  30  44
2527 3128  18  30  44
2524 3126   9  30  45
% 
% .PEN_UP
2510 3119   0  31  45
2490 3112   0  35  44
2463 3102   0  35  44
2438 3095   0  35  45
2411 3085   0  32  45
2388 3073   0  32  42
2363 3067   0  32  42
2337 3064   0  32  38
2317 3057   0  35  38
2299 3052   0  35  41
2285 3050   0  35  32
2276 3049   0  35  32
2259 3045   0  35  32
2254 3030   0  35  32
2226 3026   0  23  32
2020 2881   0  21  41
1989 2850   0  21  41
1965 2816   0  21  41
1924 2791   0  27  41
1885 2772   0  38  45
1854 2749   0  38  45
1830 2729   0  38  46
1809 2709   0  38  46
1789 2691   0  38  44
1771 2679   0  31  43
1761 2674   0  31  43
1753 2665   0  32  43
1751 2661   0  32  38
1749 2657   0  37  38
1747 2651   0  39  40
1744 2645   0  39  40
1740 2638   0  39  41
1737 2636   0  39  41
1734 2631   0  39  38
1732 2630   0  42  38
1729 2630   0  40  39
1725 2629   0  40  39
1722 2629   0  40  40
1718 2629   0  39  40
1718 2627   0  39  37
1715 2629   0  35  39
1711 2629   0  35  39
1706 2624   0  36  39
1703 2619   0  36  39
1700 2619   0  39  39
1696 2618   0  39  39
1695 2619   0  40  39
1692 2619   0  40  40
1690 2620   0  40  40
1690 2618   0  40  40
1688 2621   0  40  40
1686 2623   0  40  39
1685 2617   0  44  39
1684 2613   0  45  39
1682 2606   0  45  39
1678 2603   0  45  39
1674 2601   0  45  39
% 
% .PEN_DOWN
1670 2600  25  45  39
1670 2599  27  44  39
1673 2600  28  44  39
1678 2601  29  43  39
1684 2607  29  43  39
1696 2619  31  42  42
1713 2632  30  42  42
1731 2648  30  42  42
1751 2666  29  42  44
1768 2684  29  42  44
1783 2702  29  42  44
1797 2716  29  42  44
1808 2728  29  42  44
1814 2737  29  43  44
1819 2746  29  43  44
1820 2750  31  42  44
1818 2755  33  42  44
1814 2755  33  42  44
1806 2751  33  42  44
1794 2741  34  42  44
1781 2729  34  43  44
1766 2712  34  43  44
1751 2697  34  43  44
1738 2680  34  43  44
1731 2666  34  43  44
1727 2656  34  43  42
1729 2648  34  43  42
1732 2645  34  43  42
1741 2643  36  43  42
1751 2647  38  42  44
1765 2654  38  42  44
1780 2669  38  42  44
1795 2686  39  40  45
1811 2703  39  41  45
1827 2721  39  41  45
1841 2736  39  40  45
1855 2749  39  40  42
1865 2758  39  39  41
1871 2764  39  39  41
1872 2767  41  39  41
1871 2764  43  39  40
1867 2760  43  40  42
1856 2751  43  40  42
1845 2737  44  41  42
1833 2720  44  41  42
1822 2708  44  41  42
1816 2697  44  41  44
1814 2690  44  41  44
1812 2688  44  41  43
1815 2688  44  41  43
1824 2695  44  41  41
1835 2706  44  41  43
1849 2722  44  41  43
1865 2739  44  40  43
1882 2753  44  40  41
1896 2766  44  41  41
1906 2776  44  41  41
1915 2781  44  41  41
1918 2786  44  41  41
1919 2787  44  41  41
1919 2785  44  41  41
1917 2782  44  41  41
1910 2778  36  41  41
1904 2774  28  41  41
1899 2771  18  41  43
1896 2768   9  41  43
% 
% .PEN_UP
1897 2768   0  41  43
1904 2771   0  41  43
1911 2777   0  41  43
1921 2788   0  41  43
1932 2798   0  41  43
1944 2809   0  41  43
1955 2822   0  41  41
1965 2835   0  41  43
1978 2852   0  41  43
1989 2866   0  44  43
2001 2879   0  44  45
2011 2886   0  43  45
2016 2891   0  43  44
% 
% .PEN_DOWN
2018 2893  20  43  44
2018 2894  25  43  45
2015 2889  27  42  41
2011 2883  30  42  44
2002 2871  35  42  44
1992 2857  39  42  41
1980 2838  39  42  41
1969 2822  39  42  41
1956 2803  39  42  41
1947 2789  41  42  41
1939 2776  43  42  41
1933 2767  43  42  42
1930 2758  43  42  42
1927 2753  44  42  43
1928 2750  44  40  43
1930 2749  44  40  44
1937 2752  44  40  44
1946 2761  41  40  43
1959 2774  40  40  43
1972 2787  39  41  43
1986 2798  39  41  43
2002 2811  41  41  43
2015 2821  40  40  43
2022 2827  39  40  43
2028 2833  39  39  43
2031 2834  41  39  42
2030 2836  45  39  42
2027 2831  47  39  40
2022 2824  48  40  40
2014 2815  48  41  40
2004 2803  48  41  40
1993 2794  48  41  40
1983 2784  48  40  40
1976 2775  48  40  40
1974 2769  48  42  40
1976 2766  48  42  40
1977 2764  46  41  40
1982 2765  45  41  42
1989 2769  39  41  42
2000 2776  27  40  42
% 
% .PEN_UP
2015 2787   0  40  42
2029 2797   0  40  42
2045 2808   0  41  42
2060 2820   0  41  42
2074 2835   0  41  46
2087 2849   0  41  46
2101 2858   0  41  46
2110 2863   0  41  46
2115 2863   0  41  45
2117 2864   0  41  45
2119 2866   0  41  45
% 
% .PEN_DOWN
2120 2867  24  41  44
2120 2868  27  41  44
2120 2873  28  41  44
2120 2877  31  41  44
2119 2880  32  41  43
2120 2885  33  41  44
2120 2889  33  41  43
2121 2893  36  41  43
2120 2897  37  41  44
2118 2899  38  41  44
2115 2899  38  41  43
2109 2898  39  41  43
2103 2890  39  41  43
2092 2879  39  39  43
2079 2863  41  39  44
2063 2847  45  38  44
2048 2833  47  38  44
2035 2818  50  38  44
2028 2809  49  38  44
2023 2800  49  40  44
2022 2797  51  40  44
2026 2798  52  39  44
2034 2799  50  39  44
2045 2802  49  40  44
2060 2807  49  40  44
2075 2817  49  40  44
2087 2826  49  40  45
2099 2839  49  40  45
2106 2844  49  40  43
2112 2848  49  40  42
2116 2850  49  40  42
2116 2850  49  40  42
2116 2847  49  40  42
2109 2838  49  40  42
2102 2827  49  40  42
2092 2816  49  39  42
2086 2808  49  39  42
2079 2804  49  38  42
2077 2801  49  38  42
2078 2799  46  40  42
2080 2798  42  40  42
2085 2799  36  40  42
2094 2803  27  40  42
2104 2809  13  40  42
% 
% .PEN_UP
2115 2818   0  40  42
2125 2827   0  41  42
2135 2837   0  41  42
2143 2849   0  42  42
2151 2863   0  42  42
2156 2874   0  40  45
2161 2881   0  40  45
2163 2884   0  40  45
2167 2882   0  40  44
2167 2880   0  39  44
2164 2878   0  39  44
% 
% .PEN_DOWN
2162 2877  29  39  44
2161 2873  31  39  44
2160 2871  33  38  44
2161 2870  36  38  44
2162 2869  40  38  43
2168 2873  42  38  43
2176 2878  43  39  43
2188 2886  43  39  43
2201 2894  43  38  44
2215 2906  44  38  44
2227 2917  44  38  44
2236 2925  44  38  44
2244 2934  44  38  44
2249 2940  44  38  46
2252 2945  44  38  45
2252 2950  44  38  45
2249 2953  44  38  45
2245 2953  44  38  44
2237 2950  44  40  44
2227 2945  44  40  44
2218 2937  44  40  44
2209 2927  44  40  44
2200 2917  44  40  44
2196 2908  44  40  45
2193 2900  44  40  45
2191 2892  44  40  44
2193 2886  44  40  44
2196 2882  44  40  46
2204 2879  44  38  45
2214 2880  41  38  45
2227 2884  35  38  45
2242 2892  25  38  43
% 
% .PEN_UP
2257 2901   0  38  45
2270 2912   0  38  45
2282 2923   0  38  45
2294 2935   0  38  45
2306 2947   0  40  45
2319 2957   0  38  47
2330 2968   0  38  47
2339 2973   0  38  46
2344 2976   0  37  46
2347 2974   0  37  47
2345 2973   0  36  45
2342 2973   0  36  45
% 
% .PEN_DOWN
2339 2972  15  36  45
2338 2971  17  36  44
2337 2970  18  37  44
2335 2968  21  38  44
2335 2968  25  38  44
2335 2967  27  38  46
2335 2968  30  38  46
2337 2970  32  38  45
2340 2973  33  37  45
2346 2975  36  39  44
2350 2980  37  39  44
2357 2982  36  39  44
2361 2988  35  38  44
2365 2991  34  38  44
2368 2996  34  38  44
2369 2998  36  38  44
2367 3002  38  37  44
2364 3004  38  37  44
2355 3005  38  38  44
2344 3001  39  38  44
2329 2994  39  38  44
2316 2986  39  38  45
2305 2976  39  38  45
2296 2967  39  37  46
2291 2958  39  37  46
2289 2951  39  37  45
2289 2946  39  37  45
2293 2939  39  37  45
2300 2936  39  37  45
2310 2939  39  37  45
2321 2944  39  38  45
2334 2950  39  38  46
2346 2957  41  36  44
2354 2965  43  36  44
2362 2970  43  36  44
2368 2973  43  37  44
2370 2977  44  37  44
2372 2977  44  37  43
2373 2977  46  37  43
2368 2973  47  37  45
2361 2964  48  37  44
2349 2953  48  37  44
2334 2938  48  36  44
2315 2913  48  36  44
2292 2887  48  36  44
2265 2855  48  38  44
2230 2828  48  38  44
2197 2804  48  38  44
2167 2781  48  40  44
2146 2763  48  40  44
2131 2747  49  40  42
2123 2736  49  40  42
2120 2728  46  40  42
2120 2727  40  40  42
2126 2727  34  40  41
2139 2737  27  40  41
2159 2753  18  40  41
% 
% .PEN_UP
2186 2770   0  39  41
2216 2797   0  40  41
2243 2829   0  40  41
2270 2865   0  39  41
2296 2910   0  39  42
2325 2951   0  38  42
2352 2982   0  38  42
2377 3007   0  38  42
2396 3024   0  38  41
2416 3037   0  40  41
2431 3045   0  40  43
2438 3048   0  39  44
2443 3052   0  39  44
% 
% .PEN_DOWN
2445 3055  28  38  44
2446 3055  33  38  44
2447 3056  36  38  44
2447 3055  37  38  44
2445 3050  38  38  44
2439 3039  38  38  44
2432 3026  41  38  44
2421 3010  45  38  44
2410 2996  47  38  44
2398 2985  50  35  43
2391 2973  52  36  43
2386 2964  53  36  43
2386 2956  53  35  43
2388 2950  56  35  43
2392 2948  57  35  43
2403 2952  58  35  43
2418 2959  58  36  43
2439 2969  58  36  43
2466 2980  58  36  43
2497 2994  58  36  43
2529 3005  58  36  43
2556 3015  58  35  43
2584 3023  58  35  43
2610 3030  58  35  44
2633 3037  58  36  43
2654 3041  54  36  45
2670 3043  44  33  45
2684 3045  26  33  43
% 
