% .SEGMENT LETTER ? ? "0"
% 
% .PEN_DOWN
1921 3014   3  37  49
1927 3017   6  37  49
1933 3022   8  37  49
1940 3028  11  37  49
1945 3029  15  37  47
1948 3034  19  37  47
1951 3038  24  37  48
1951 3039  27  37  48
1951 3037  30  37  48
1949 3034  32  37  48
1940 3027  33  37  48
1926 3015  33  39  48
1902 3001  34  39  48
1870 2981  36  40  48
1834 2954  37  40  48
1797 2917  38  40  48
1754 2880  38  40  46
1707 2841  41  40  46
1660 2800  42  40  47
1608 2760  43  40  47
1561 2723  46  40  46
1525 2690  47  40  45
1499 2663  50  40  45
1481 2648  52  39  45
1473 2641  53  39  45
1473 2645  53  39  45
1485 2660  53  39  46
1506 2685  53  36  46
1539 2715  53  36  45
1582 2745  53  36  45
1625 2772  53  36  45
1669 2795  53  36  45
1712 2814  53  36  45
1747 2831  53  36  45
1772 2841  54  36  45
1784 2843  54  36  45
1791 2842  54  36  43
1784 2830  54  35  43
1770 2814  54  35  43
1740 2792  54  39  43
1699 2764  54  38  43
1655 2725  54  38  43
1602 2682  51  38  44
1549 2640  50  38  44
1501 2602  52  40  44
1458 2569  53  39  44
1420 2541  53  39  44
1395 2520  53  40  44
1381 2509  56  40  45
1377 2509  57  40  45
1383 2516  58  40  45
1405 2535  58  40  45
1439 2563  58  40  45
1482 2596  58  39  45
1545 2643  58  38  45
1616 2702  56  38  45
1699 2758  57  38  45
1789 2817  58  37  45
1876 2875  58  37  47
1962 2926  56  37  47
2038 2969  55  38  47
2106 3002  54  38  47
2163 3029  51  38  46
2207 3047  48  38  46
2234 3060  38  38  46
2251 3065  26  38  46
% 
% .PEN_UP
2256 3062   0  38  44
2249 3054   0  38  44
2231 3045   0  38  45
2208 3036   0  35  45
2182 3025   0  35  45
2158 3020   0  39  45
2136 3012   0  39  45
2113 3005   0  39  45
2098 3005   0  39  45
2078 3004   0  36  45
2065 3004   0  39  45
2054 3000   0  39  45
2036 2990   0  39  45
2019 2986   0  35  45
2015 2983   0  35  45
2009 2983   0  41  52
2002 2977   0  41  52
1997 2971   0  43  52
1993 2969   0  43  55
1994 2962   0  39  52
1995 2961   0  39  52
1996 2961   0  40  52
2002 2962   0  40  51
2010 2964   0  39  51
2016 2967   0  39  49
2020 2970   0  39  46
2021 2971   0  39  46
% 
% .PEN_DOWN
2020 2972  22  39  46
2017 2971  23  39  47
2013 2967  23  39  47
2003 2959  24  39  47
1990 2948  24  38  46
1974 2929  24  38  46
1952 2903  24  38  46
1922 2873  24  38  46
1882 2838  24  40  46
1840 2803  26  40  46
1793 2762  30  40  46
1741 2717  34  40  45
1690 2669  37  40  45
1643 2627  38  40  45
1599 2594  38  41  44
1559 2564  38  41  44
1532 2544  39  41  44
1514 2529  41  41  45
1505 2523  42  41  45
1506 2522  45  41  45
1519 2532  47  40  45
1546 2549  50  40  45
1586 2574  52  40  45
1635 2606  55  40  45
1699 2647  57  37  42
1766 2699  58  37  42
1846 2746  58  34  42
1927 2797  58  34  44
2012 2847  58  34  43
2099 2900  58  34  43
2181 2945  58  34  43
2256 2982  58  34  43
2323 3012  58  32  43
2378 3040  58  32  44
2422 3063  58  34  44
2458 3078  54  35  43
2481 3087  46  33  43
2492 3089  35  33  45
2492 3085  25  35  45
% 
% .PEN_UP
2479 3076   0  35  45
2457 3062   0  36  45
2431 3045   0  33  45
2403 3028   0  33  45
2369 3011   0  33  45
2334 2997   0  34  45
2299 2987   0  34  48
2263 2970   0  34  48
2225 2956   0  34  46
2186 2941   0  42  46
2151 2922   0  42  44
2117 2904   0  33  39
2080 2879   0  33  39
2046 2857   0  38  39
2017 2833   0  38  39
1987 2808   0  38  39
1961 2782   0  35  40
1921 2763   0  35  40
1879 2741   0  35  35
1844 2722   0  35  35
1817 2695   0  30  39
1783 2665   0  30  39
1751 2638   0  30  39
1720 2609   0  37  39
1698 2591   0  37  39
1679 2574   0  46  43
1667 2566   0  46  43
1661 2561   0  46  43
1657 2559   0  46  46
1658 2564   0  46  46
1659 2568   0  41  46
1666 2573   0  41  46
1673 2587   0  41  46
1681 2596   0  43  46
1690 2599   0  41  46
1700 2605   0  41  46
1709 2612   0  41  44
1715 2614   0  39  44
1716 2616   0  41  39
1717 2613   0  41  39
1709 2608   0  41  39
1705 2603   0  43  39
1697 2597   0  43  39
1690 2590   0  43  39
1682 2583   0  43  39
1674 2577   0  45  39
1667 2568   0  45  42
1661 2564   0  45  46
1656 2560   0  45  46
% 
% .PEN_DOWN
1654 2557  27  45  46
1655 2555  28  45  45
1659 2557  28  45  45
1666 2561  29  43  45
1680 2570  29  43  45
1699 2584  31  43  45
1723 2598  33  42  45
1749 2617  31  42  43
1772 2638  32  42  43
1792 2657  33  42  43
1809 2675  33  41  43
1821 2690  34  41  44
1831 2705  34  42  44
1837 2715  34  42  45
1839 2721  34  42  45
1837 2726  34  42  45
1829 2726  34  41  45
1821 2723  34  41  43
1807 2713  34  41  43
1791 2698  34  41  43
1774 2678  34  41  43
1759 2658  36  41  42
1744 2640  38  42  42
1733 2622  38  42  42
1727 2611  38  42  42
1726 2600  39  40  42
1731 2593  41  43  42
1740 2589  42  43  42
1751 2590  43  40  42
1766 2595  43  40  42
1784 2604  44  40  42
1799 2616  44  41  42
1816 2633  44  41  42
1834 2653  44  41  43
1851 2673  44  40  43
1868 2696  44  40  44
1882 2715  44  42  44
1892 2726  46  42  44
1896 2736  47  43  44
1899 2739  50  43  44
1895 2738  54  41  44
1887 2732  54  43  45
1875 2719  56  43  45
1860 2703  55  43  44
1846 2686  54  44  44
1835 2669  54  44  44
1827 2656  54  44  42
1822 2648  54  44  42
1824 2641  54  44  42
1827 2639  56  42  42
1833 2642  55  42  42
1843 2651  57  42  43
1858 2664  55  42  43
1875 2683  54  42  42
1894 2700  54  42  43
1912 2718  54  42  43
1927 2730  54  42  43
1938 2743  54  42  44
1946 2752  54  42  44
1950 2756  56  42  42
1950 2759  57  42  42
1951 2761  55  42  41
1950 2762  54  42  41
1947 2762  49  42  42
1942 2761  39  42  43
1940 2762  27  42  43
1940 2763  13  42  43
% 
% .PEN_UP
1943 2769   0  42  43
1949 2779   0  42  43
1956 2789   0  42  43
1965 2804   0  42  43
1978 2818   0  42  43
1992 2834   0  40  43
2008 2848   0  40  44
2022 2859   0  40  44
2034 2868   0  40  46
2043 2875   0  40  46
% 
% .PEN_DOWN
2045 2879  24  40  44
2046 2881  31  40  44
2045 2881  38  40  44
2043 2876  41  40  44
2037 2869  42  40  42
2027 2856  43  39  42
2015 2838  46  39  42
1999 2820  47  40  42
1986 2802  48  40  42
1972 2784  48  40  42
1959 2766  48  40  41
1950 2753  48  40  41
1944 2742  48  40  43
1941 2732  48  40  43
1940 2726  48  40  44
1943 2725  48  40  44
1947 2731  48  40  43
1956 2737  48  40  43
1967 2748  49  40  41
1981 2759  49  41  41
1996 2771  49  41  41
2012 2784  49  40  41
2023 2794  49  40  41
2033 2801  49  40  41
2039 2804  49  41  41
2040 2805  51  40  41
2040 2805  52  40  41
2037 2802  55  41  41
2029 2795  57  41  41
2018 2787  58  42  41
2008 2777  58  42  41
2001 2769  58  41  41
1998 2761  56  40  42
1998 2753  50  41  42
2003 2750  42  41  43
2011 2750  33  40  43
2025 2754  21  40  44
2040 2761  10  40  44
% 
% .PEN_UP
2054 2770   0  40  44
2068 2778   0  39  44
2081 2789   0  39  44
2093 2799   0  39  44
2104 2805   0  39  44
2114 2811   0  40  44
2121 2819   0  40  41
2124 2823   0  41  41
% 
% .PEN_DOWN
2126 2827  17  41  42
2127 2830  23  41  42
2127 2833  28  41  42
2127 2835  31  41  42
2128 2838  35  41  43
2127 2841  39  41  44
2126 2842  39  41  44
2124 2845  41  41  44
2121 2847  43  41  44
2116 2844  43  41  44
2109 2839  43  41  43
2099 2832  41  41  43
2085 2824  42  41  43
2072 2814  43  41  43
2057 2803  43  42  43
2044 2795  44  42  43
2036 2787  44  42  43
2031 2782  44  42  44
2030 2776  44  42  45
2032 2773  44  43  45
2037 2770  44  43  44
2047 2773  44  42  44
2062 2776  44  42  44
2076 2782  44  42  44
2089 2791  41  42  44
2099 2801  43  42  44
2107 2804  43  42  44
2114 2809  43  42  44
2116 2811  44  42  44
2117 2809  49  42  44
2115 2808  51  42  44
2110 2804  52  42  44
2103 2797  53  42  44
2095 2791  53  42  44
2088 2786  53  40  44
2083 2781  53  40  44
2081 2776  49  40  42
2082 2772  41  40  42
2085 2771  33  40  41
2092 2773  23  40  41
2101 2779  14  40  41
% 
% .PEN_UP
2114 2786   0  40  41
2125 2795   0  40  41
2137 2802   0  39  41
2146 2811   0  39  41
2154 2823   0  37  42
2163 2832   0  37  42
2169 2839   0  39  42
2173 2841   0  39  42
2174 2842   0  39  42
2169 2841   0  39  42
% 
% .PEN_DOWN
2165 2840  33  39  42
2164 2840  38  39  44
2163 2839  41  39  44
2161 2840  42  38  44
2161 2841  45  38  44
2163 2843  47  38  45
2170 2848  48  39  45
2181 2855  48  39  46
2196 2866  48  40  47
2210 2875  48  40  47
2223 2884  48  37  47
2233 2891  48  37  46
2241 2902  48  37  48
2247 2910  48  37  48
2252 2914  48  37  48
2252 2920  48  37  46
2251 2923  49  37  46
2246 2921  49  37  46
2237 2916  49  37  46
2226 2907  49  37  44
2213 2894  49  39  44
2199 2882  49  39  44
2186 2871  49  39  44
2180 2860  49  39  42
2177 2849  49  41  42
2175 2842  49  40  42
2178 2836  49  40  42
2185 2830  49  40  42
2194 2830  44  38  42
2208 2834  36  38  42
2224 2841  25  38  42
% 
% .PEN_UP
2237 2850   0  38  42
2250 2861   0  38  42
2263 2871   0  38  41
2275 2883   0  36  41
2286 2898   0  35  42
2300 2912   0  35  42
2312 2923   0  35  45
2324 2931   0  38  45
2335 2934   0  38  44
2340 2934   0  35  46
2343 2934   0  35  46
2341 2932   0  35  46
% 
% .PEN_DOWN
2340 2931  25  35  45
2339 2931  25  35  45
2338 2931  27  35  45
2336 2929  28  37  47
2335 2930  31  37  47
2335 2929  32  38  47
2335 2931  33  38  46
2337 2935  33  37  46
2338 2938  34  36  45
2340 2941  34  36  45
2341 2945  36  36  47
2343 2950  37  36  47
2342 2955  36  36  47
2339 2958  37  36  47
2333 2961  35  36  47
2323 2961  35  37  47
2311 2957  34  37  46
2297 2953  34  37  45
2285 2943  34  37  45
2276 2935  36  37  45
2269 2924  38  37  44
2265 2913  38  37  44
2264 2905  38  37  45
2265 2900  39  37  45
2269 2894  39  37  44
2277 2893  39  37  43
2289 2898  39  37  43
2303 2903  39  36  43
2318 2910  39  36  43
2330 2919  39  36  43
2342 2926  39  36  42
2351 2936  39  36  42
2358 2942  41  36  41
2360 2945  43  37  41
2361 2947  46  37  41
2357 2946  50  36  43
2353 2943  52  36  43
2344 2934  50  38  43
2330 2917  52  38  44
2313 2897  53  37  43
2291 2869  56  37  43
2265 2840  57  37  43
2235 2810  58  37  43
2202 2782  56  38  43
2174 2758  55  39  42
2154 2734  54  39  42
2140 2717  56  39  44
2132 2706  55  40  44
2130 2697  54  40  43
2132 2696  51  39  43
2139 2702  45  39  43
2153 2714  39  39  43
2173 2731  29  39  43
2198 2755  17  38  43
% 
% .PEN_UP
2225 2780   0  40  43
2251 2810   0  40  43
2276 2845   0  40  44
2304 2880   0  38  44
2333 2915   0  34  47
2360 2946   0  34  47
2382 2968   0  34  47
2401 2984   0  34  47
2414 2995   0  34  47
2422 3002   0  36  47
% 
% .PEN_DOWN
2430 3008  35  36  47
2434 3010  39  35  47
2439 3013  44  34  47
2440 3013  49  34  47
2440 3014  54  34  47
2438 3012  56  34  47
2432 3003  57  34  47
2423 2995  60  34  47
2410 2979  59  34  45
2395 2963  59  34  45
2384 2948  59  34  45
2374 2936  59  35  45
2370 2926  59  35  45
2367 2918  59  36  45
2368 2915  59  35  45
2377 2913  59  35  45
2390 2916  59  35  45
2405 2927  59  35  45
2421 2936  59  37  45
2439 2943  59  37  45
2458 2950  59  37  44
2480 2956  59  35  44
2501 2962  59  35  46
2521 2965  59  33  44
2539 2969  56  33  44
2551 2970  50  33  44
2563 2970  39  33  44
2572 2970  27  33  44
