% .SEGMENT LETTER ? ? "0"
% 
% .PEN_DOWN
1982 3092   3  38  46
1985 3095   6  40  46
1990 3098  10  40  46
1993 3100  15  40  46
1997 3103  17  39  46
2001 3107  20  39  45
2007 3110  25  38  43
2011 3113  29  38  43
2016 3115  31  39  43
2020 3116  35  39  42
2022 3117  37  39  43
2023 3118  40  39  43
2022 3117  42  38  43
2016 3114  43  38  44
2007 3107  43  36  44
1993 3097  44  36  43
1973 3082  46  36  43
1950 3058  47  36  45
1921 3036  48  36  43
1883 3013  51  36  45
1845 2986  52  36  45
1805 2950  53  36  43
1759 2912  53  36  43
1713 2870  53  36  43
1671 2831  53  36  43
1632 2800  53  36  41
1597 2774  53  37  41
1568 2753  53  37  41
1550 2739  53  37  41
1542 2735  53  37  41
1542 2736  53  38  41
1555 2748  54  38  42
1579 2764  54  40  42
1609 2786  54  40  42
1644 2812  54  38  42
1688 2844  54  38  42
1733 2875  54  36  42
1773 2904  54  36  43
1810 2925  54  35  43
1840 2937  51  35  43
1860 2943  50  37  43
1869 2942  52  37  45
1866 2933  53  38  45
1851 2913  53  38  46
1828 2883  53  38  46
1791 2844  53  38  46
1744 2807  53  40  46
1695 2767  53  40  46
1644 2722  53  38  46
1591 2679  53  38  47
1545 2642  53  38  47
1509 2610  53  38  47
1482 2590  54  36  47
1462 2576  54  36  47
1454 2569  56  35  47
1451 2570  55  35  47
1458 2576  54  33  47
1469 2589  56  33  47
1490 2611  55  35  47
1523 2643  54  33  45
1571 2686  56  33  45
1630 2735  55  33  45
1702 2788  54  32  45
1787 2848  54  32  45
1879 2908  54  32  45
1980 2964  54  32  45
2077 3016  54  32  44
2169 3066  54  32  45
2249 3106  54  32  45
2316 3135  49  32  44
2368 3158  44  32  41
2407 3172  34  32  44
2435 3179  19  33  44
% 
% .PEN_UP
2449 3180   0  33  41
2451 3177   0  34  41
2443 3170   0  34  43
2430 3164   0  34  43
2412 3156   0  34  45
2389 3145   0  30  45
2369 3141   0  30  48
2349 3140   0  31  48
2334 3136   0  25  48
2322 3135   0  25  48
2316 3134   0  25  44
2302 3146   0  27  44
2292 3139   0  27  37
2289 3145   0  28  37
2259 3123   0  28  34
2243 3132   0  28  39
2219 3126   0  21  42
2207 3107   0  21  42
2192 3095   0  26  42
2176 3089   0  26  48
2163 3085   0  28  48
2154 3078   0  34  49
2150 3068   0  34  49
2151 3062   0  34  48
2150 3060   0  35  48
2154 3056   0  36  46
2160 3052   0  36  46
2167 3049   0  36  45
2173 3045   0  36  45
2179 3040   0  36  44
2182 3032   0  36  44
2177 3025   0  37  44
2166 3016   0  37  44
% 
% .PEN_DOWN
2150 3003  20  37  44
2130 2988  22  37  44
2106 2967  23  39  44
2074 2940  26  39  44
2032 2908  30  39  46
1987 2870  34  39  45
1933 2829  41  39  46
1873 2790  47  39  46
1811 2741  50  39  45
1746 2689  49  40  45
1686 2634  51  40  45
1629 2587  52  40  45
1579 2548  53  40  45
1541 2511  53  40  45
1516 2481  53  40  45
1504 2468  53  40  45
1503 2466  53  40  44
1519 2482  53  37  44
1549 2508  53  37  44
1592 2544  56  37  44
1646 2589  55  37  43
1713 2642  54  37  43
1784 2699  56  37  43
1864 2754  55  37  43
1951 2809  54  37  43
2039 2870  56  35  43
2132 2925  55  35  43
2216 2971  54  35  43
2296 3008  54  35  44
2362 3045  54  35  44
2421 3072  54  34  43
2468 3090  51  34  43
2500 3103  45  34  44
2519 3108  39  34  44
2524 3107  32  34  45
2516 3099  20  33  43
% 
% .PEN_UP
2497 3086   0  33  43
2468 3069   0  33  43
2435 3051   0  33  41
2399 3033   0  33  41
2356 3019   0  33  41
2316 3008   0  33  41
2279 2995   0  33  41
2245 2984   0  33  41
2208 2975   0  33  48
2173 2970   0  37  48
2145 2960   0  37  45
2125 2950   0  37  45
2105 2931   0  37  53
2085 2914   0  29  53
2070 2891   0  23  44
2051 2888   0  23  44
2036 2868   0  23  39
2027 2853   0  27  39
2017 2836   0  27  39
2008 2818   0  29  39
1997 2800   0  29  39
1984 2784   0  40  39
1972 2776   0  40  43
1961 2762   0  40  43
1942 2743   0  33  45
1925 2727   0  33  45
1912 2714   0  33  46
1899 2695   0  37  46
1891 2682   0  37  44
1881 2670   0  38  42
1871 2659   0  38  42
1862 2654   0  42  42
1857 2647   0  42  38
1848 2647   0  39  39
1841 2646   0  39  39
1834 2644   0  42  39
1827 2640   0  42  43
1823 2634   0  42  43
1816 2630   0  42  41
1811 2624   0  42  41
1806 2621   0  42  38
1797 2616   0  42  38
1787 2613   0  41  38
1779 2609   0  41  38
1772 2606   0  41  38
1766 2603   0  41  38
1755 2599   0  42  38
1743 2593   0  42  38
1732 2588   0  42  38
1725 2582   0  44  38
1719 2576   0  42  38
1713 2570   0  42  38
1710 2562   0  42  42
1708 2552   0  41  42
1705 2548   0  41  44
1703 2547   0  41  44
% 
% .PEN_DOWN
1704 2543  27  41  44
1707 2540  30  40  44
1715 2541  32  40  45
1725 2543  30  40  45
1740 2551  32  40  45
1755 2563  35  39  45
1770 2577  37  39  45
1788 2596  40  39  45
1805 2616  42  39  43
1824 2636  43  40  45
1846 2662  43  40  45
1866 2682  44  40  45
1882 2703  44  40  45
1891 2719  46  38  45
1896 2730  47  38  41
1898 2736  48  38  41
1894 2738  48  38  41
1885 2735  48  38  41
1870 2722  48  38  41
1851 2705  48  40  42
1831 2682  48  40  42
1813 2658  48  40  42
1797 2635  48  40  42
1786 2617  48  40  42
1779 2603  48  41  42
1776 2594  49  41  42
1778 2591  49  41  42
1786 2592  51  41  42
1798 2597  52  41  42
1812 2609  53  43  42
1832 2627  53  43  42
1854 2649  51  41  42
1877 2670  50  41  42
1900 2694  52  39  42
1919 2715  53  39  43
1934 2732  53  39  43
1944 2745  51  39  43
1949 2753  50  39  43
1951 2756  49  39  44
1947 2754  49  39  44
1940 2745  49  39  44
1930 2731  49  39  44
1916 2713  49  39  43
1902 2693  49  39  43
1890 2676  49  39  43
1884 2664  49  39  43
1881 2656  51  39  44
1883 2650  52  39  44
1890 2653  50  40  44
1901 2662  49  40  44
1917 2675  49  40  45
1931 2691  51  40  45
1945 2713  52  40  43
1960 2733  50  38  41
1975 2750  52  38  41
1990 2762  50  40  41
2003 2773  52  40  41
2011 2780  53  39  41
2016 2784  53  41  41
2018 2784  53  41  41
2018 2782  53  41  41
2014 2780  51  41  41
2011 2778  47  39  41
2008 2774  43  39  41
2005 2771  36  39  40
2005 2768  30  40  40
2007 2768  22  40  40
2013 2770  16  40  40
2022 2776   8  38  40
% 
% .PEN_UP
2034 2786   0  38  40
2048 2800   0  38  40
2063 2815   0  36  40
2078 2835   0  36  39
2094 2858   0  36  41
2111 2880   0  36  41
2125 2896   0  39  41
2136 2911   0  39  41
2142 2921   0  38  41
% 
% .PEN_DOWN
2144 2927  23  40  41
2146 2932  31  40  41
2144 2934  35  40  41
2142 2929  39  41  41
2136 2921  44  41  43
2129 2908  46  41  43
2123 2894  50  41  43
2113 2873  49  41  43
2103 2850  49  41  42
2093 2830  49  39  42
2083 2811  51  39  42
2072 2795  50  40  41
2063 2782  49  40  41
2059 2770  51  40  41
2056 2762  52  40  40
2056 2756  53  40  42
2059 2752  53  40  42
2063 2753  53  39  42
2071 2759  53  39  41
2082 2768  53  39  41
2095 2778  53  39  41
2107 2791  51  39  41
2120 2804  52  39  41
2133 2815  53  40  41
2143 2825  53  39  43
2150 2832  53  39  43
2154 2838  53  39  42
2156 2840  53  38  42
2155 2840  56  38  42
2155 2839  55  38  42
2151 2832  54  38  42
2142 2821  54  39  42
2134 2809  56  39  42
2127 2799  55  39  42
2119 2789  54  39  42
2110 2778  54  39  42
2107 2772  54  39  41
2106 2764  54  39  41
2106 2760  49  39  40
2109 2759  39  39  40
2115 2761  24  39  42
% 
% .PEN_UP
2125 2768   0  40  42
2137 2775   0  40  42
2150 2791   0  40  42
2166 2805   0  40  42
2181 2823   0  39  42
2196 2839   0  39  41
2213 2851   0  34  42
2231 2863   0  34  42
2243 2872   0  34  42
2251 2874   0  34  42
2258 2873   0  34  41
2263 2870   0  34  41
2263 2869   0  34  41
2262 2870   0  34  43
% 
% .PEN_DOWN
2263 2874  29  34  43
2265 2878  31  34  45
2267 2883  33  34  44
2268 2887  36  34  44
2268 2892  37  34  44
2269 2897  40  34  43
2268 2900  42  34  43
2267 2904  43  34  44
2265 2907  46  34  43
2263 2908  45  34  43
2258 2904  47  34  43
2251 2899  48  34  43
2243 2889  48  36  43
2233 2877  48  37  42
2221 2863  51  37  42
2211 2849  52  37  42
2203 2835  53  38  42
2198 2824  53  38  42
2195 2817  53  39  42
2196 2812  53  39  42
2202 2811  53  38  42
2213 2816  53  38  42
2224 2822  53  38  43
2237 2831  53  38  43
2250 2841  51  38  43
2261 2851  50  38  42
2270 2860  49  39  42
2277 2866  49  38  43
2280 2869  49  38  43
2281 2870  49  38  43
2281 2868  49  39  43
2277 2861  51  39  42
2270 2851  52  39  42
2262 2839  53  39  40
2256 2829  53  39  40
2251 2820  53  39  40
2249 2812  53  39  40
2250 2810  49  39  40
2251 2808  41  39  40
2257 2809  33  39  40
2265 2814  21  39  40
% 
% .PEN_UP
2276 2819   0  38  40
2285 2829   0  38  40
2295 2840   0  38  39
2305 2852   0  37  39
2315 2865   0  37  40
2325 2880   0  36  42
2332 2890   0  36  42
2336 2895   0  36  42
2339 2899   0  36  43
2339 2898   0  38  43
2339 2898   0  38  43
% 
% .PEN_DOWN
2337 2896  24  38  43
2335 2895  29  38  43
2335 2894  34  39  43
2336 2892  39  39  43
2338 2889  44  39  43
2342 2891  46  39  43
2350 2894  50  38  43
2359 2902  49  38  44
2369 2910  49  36  44
2381 2920  49  36  43
2391 2930  51  36  42
2399 2940  50  36  42
2405 2949  52  36  42
2412 2959  50  36  42
2415 2966  52  36  42
2417 2972  50  36  43
2413 2975  49  36  43
2408 2976  49  36  43
2402 2975  49  36  43
2393 2969  51  36  41
2383 2959  52  37  43
2373 2947  53  37  43
2365 2935  53  37  43
2358 2919  53  37  44
2354 2908  53  36  42
2355 2897  53  36  42
2357 2889  53  35  42
2362 2886  53  35  43
2370 2885  51  35  43
2380 2889  45  35  43
2392 2893  37  35  43
2405 2904  26  35  43
2416 2915  15  35  44
% 
% .PEN_UP
2430 2927   0  35  44
2444 2939   0  34  44
2457 2951   0  34  42
2469 2965   0  33  42
2480 2975   0  33  42
2491 2982   0  35  42
2501 2987   0  35  42
2507 2991   0  34  42
2511 2993   0  34  42
% 
% .PEN_DOWN
2513 2997  22  34  42
2516 3000  25  34  42
2519 3002  30  34  42
2520 3004  34  34  42
2521 3006  39  34  42
2523 3006  41  34  42
2524 3010  43  34  42
2527 3010  43  37  42
2529 3013  43  36  42
2531 3015  44  36  42
2534 3020  44  37  42
2535 3023  44  37  42
2536 3025  44  34  42
2536 3028  44  34  42
2532 3032  44  34  42
2525 3029  44  39  42
2514 3025  44  35  42
2499 3016  46  35  42
2482 3005  50  39  42
2466 2994  52  39  42
2453 2984  53  38  43
2443 2974  53  38  43
2438 2965  53  35  43
2438 2960  53  35  41
2441 2956  53  36  41
2447 2955  53  36  41
2458 2957  53  35  41
2471 2963  53  35  42
2485 2972  53  36  42
2499 2980  53  36  42
2511 2989  54  35  42
2523 3000  54  35  42
2533 3005  54  35  42
2539 3009  54  35  42
2543 3013  54  35  42
2546 3016  54  35  42
2546 3016  54  35  42
2542 3013  54  36  42
2533 3006  51  36  42
2522 2997  52  36  42
2507 2985  53  36  43
2489 2964  51  36  43
2467 2938  52  37  43
2444 2905  53  37  43
2416 2869  53  37  43
2384 2834  53  38  43
2349 2803  53  38  43
2318 2775  53  38  41
2295 2750  53  38  41
2275 2728  53  38  43
2259 2707  53  38  43
2247 2693  53  38  43
2241 2685  53  38  43
2240 2681  49  38  43
2241 2682  41  38  41
2246 2688  33  38  41
2257 2706  26  38  41
2271 2726  18  38  41
% 
% .PEN_UP
2292 2753   0  36  41
2320 2786   0  33  41
2352 2826   0  33  41
2384 2877   0  33  42
2418 2928   0  34  42
2453 2974   0  34  42
2489 3007   0  34  44
2523 3037   0  34  44
2550 3064   0  34  44
2574 3083   0  34  44
2598 3100   0  32  44
2616 3111   0  34  43
2627 3123   0  34  43
2634 3133   0  34  43
% 
% .PEN_DOWN
2639 3139  34  35  43
2644 3141  36  35  43
2643 3136  40  35  43
2635 3122  44  35  44
2622 3104  46  34  44
2605 3080  50  34  44
2588 3052  52  34  44
2573 3026  53  34  44
2559 3006  53  34  44
2550 2992  53  33  43
2545 2981  53  33  43
2545 2974  53  33  43
2549 2969  53  33  43
2559 2971  53  33  43
2573 2976  53  33  43
2592 2984  53  33  43
2615 2995  53  32  43
2638 3005  54  32  43
2661 3011  54  31  43
2686 3022  54  31  43
2711 3032  54  31  42
2740 3041  54  31  42
2769 3047  49  32  42
2795 3053  39  32  42
2819 3057  27  31  42
% 
