% .SEGMENT LETTER ? ? "0"
% 
% .PEN_DOWN
1943 3065   6  39  45
1953 3074   7  39  44
1961 3082  11  39  45
1969 3091  13  39  45
1981 3101  18  38  45
1995 3113  21  38  45
2013 3124  23  38  45
2031 3136  26  38  44
2049 3145  27  37  44
2066 3154  31  37  43
2082 3159  32  37  43
2093 3161  35  37  45
2098 3162  37  37  45
2100 3161  43  37  45
2098 3157  46  37  45
2090 3149  47  37  46
2074 3133  48  37  45
2048 3112  48  37  46
2015 3085  48  40  46
1978 3055  48  40  45
1934 3024  48  40  45
1883 2995  51  40  45
1833 2959  52  40  45
1782 2921  50  40  44
1730 2882  52  42  44
1686 2845  53  42  46
1648 2817  53  42  46
1620 2796  53  41  46
1601 2786  53  41  46
1594 2782  53  41  46
1598 2784  53  40  46
1613 2797  53  40  46
1636 2816  53  40  46
1665 2840  53  40  45
1703 2869  53  41  44
1746 2899  54  41  45
1784 2927  54  41  45
1818 2948  54  41  44
1845 2960  54  39  44
1864 2966  54  39  42
1871 2967  54  39  42
1869 2957  54  39  42
1855 2941  54  39  42
1832 2913  54  39  45
1798 2877  54  39  47
1755 2838  51  39  47
1704 2797  52  41  47
1649 2751  53  41  47
1591 2704  53  40  45
1541 2660  53  40  45
1498 2621  53  40  45
1467 2594  51  40  45
1446 2579  52  40  45
1437 2570  53  40  46
1440 2570  53  40  46
1455 2581  53  40  46
1480 2602  53  40  46
1518 2637  53  40  44
1569 2683  53  41  45
1629 2733  53  41  45
1704 2788  53  43  45
1786 2848  53  43  45
1875 2908  53  39  44
1971 2962  54  39  44
2063 3015  54  36  44
2155 3066  54  36  45
2234 3112  54  36  45
2306 3150  54  36  45
2361 3175  54  35  45
2404 3197  49  35  45
2436 3211  44  36  45
2455 3220  34  36  45
2467 3225  19  36  45
% 
% .PEN_UP
2467 3227   0  36  45
2460 3230   0  35  45
2445 3233   0  35  45
2428 3228   0  35  45
2408 3228   0  35  45
2385 3222   0  35  45
2367 3224   0  35  45
2350 3216   0  33  45
2336 3208   0  27  45
2327 3208   0  27  45
2318 3223   0  27  45
2316 3209   0  13  45
2321 3209   0  22  45
2318 3219   0  22  45
2312 3205   0  22  45
2301 3207   0  26  45
2295 3207   0  26  45
2298 3205   0  34  45
2294 3201   0  41  45
2292 3196   0  41  45
2285 3186   0  41  45
2279 3180   0  41  45
2273 3168   0  41  54
2268 3158   0  41  54
2262 3147   0  41  55
2257 3136   0  41  55
2251 3125   0  41  50
2245 3119   0  41  50
2237 3112   0  41  49
% 
% .PEN_DOWN
2229 3106  12  39  49
2218 3096  15  38  47
2204 3083  17  38  47
2184 3068  18  38  47
2161 3050  21  38  46
2136 3032  25  38  46
2106 3009  32  38  46
2067 2986  38  38  46
2023 2957  43  39  46
1979 2919  48  39  45
1926 2878  51  39  45
1871 2833  52  39  45
1819 2791  53  39  45
1768 2749  53  41  44
1717 2705  53  41  44
1676 2664  53  41  43
1645 2632  53  41  43
1619 2607  53  41  43
1600 2592  56  41  43
1590 2582  55  41  43
1589 2578  54  40  43
1596 2578  54  40  43
1612 2587  54  39  43
1638 2604  54  39  43
1677 2633  54  40  43
1732 2677  54  40  45
1798 2727  54  40  45
1875 2781  54  40  45
1961 2837  54  40  45
2053 2895  54  40  45
2150 2947  54  39  45
2246 2996  54  35  45
2333 3042  51  35  45
2414 3082  52  35  46
2487 3116  53  34  46
2544 3144  51  34  46
2593 3161  47  34  46
2627 3173  38  34  46
2648 3179  26  33  46
2654 3180  13  33  46
% 
% .PEN_UP
2646 3176   0  33  46
2626 3171   0  33  46
2600 3163   0  33  46
2570 3150   0  31  46
2535 3136   0  31  46
2497 3122   0  31  46
2461 3107   0  38  46
2428 3090   0  38  46
2395 3076   0  38  46
2359 3062   0  34  40
2330 3045   0  34  40
2301 3032   0  34  40
2276 3004   0  34  40
2253 2994   0  34  50
2232 2969   0  25  57
2180 2950   0  25  57
2138 2915   0  28  57
2107 2879   0  28  45
2069 2859   0  24  40
2036 2834   0  24  40
1999 2813   0  38  40
1964 2795   0  38  40
1940 2777   0  37  40
1912 2759   0  39  43
1890 2744   0  39  43
1873 2732   0  39  43
1859 2719   0  41  43
1849 2709   0  46  43
1841 2701   0  46  43
1836 2696   0  46  47
1836 2691   0  44  47
1834 2688   0  44  49
1834 2684   0  47  49
1832 2678   0  45  46
1828 2675   0  45  46
1823 2668   0  45  45
1818 2663   0  49  45
1812 2655   0  49  44
1803 2647   0  49  44
1796 2639   0  49  44
1789 2635   0  49  44
1782 2630   0  49  41
1776 2628   0  49  41
1771 2624   0  44  42
1767 2624   0  44  42
1765 2623   0  44  43
1764 2627   0  41  43
1764 2627   0  40  43
1763 2627   0  40  43
1761 2628   0  40  41
1758 2624   0  41  41
1756 2618   0  41  42
1751 2614   0  43  42
1746 2607   0  44  42
1739 2603   0  44  42
1732 2600   0  44  42
1728 2598   0  45  42
% 
% .PEN_DOWN
1724 2597   8  45  42
1723 2597  11  45  42
1722 2598  18  45  42
1721 2597  23  44  42
1722 2598  26  44  42
1725 2600  30  45  42
1734 2604  34  45  42
1745 2611  39  44  42
1757 2621  41  43  42
1771 2632  43  43  42
1784 2646  43  43  43
1797 2661  43  43  43
1810 2678  44  43  43
1823 2694  44  45  43
1835 2710  44  44  42
1846 2725  44  44  42
1856 2739  44  44  43
1861 2748  46  45  43
1863 2755  45  45  42
1863 2759  44  45  41
1858 2759  46  45  41
1849 2753  47  45  41
1838 2745  48  44  42
1824 2731  46  44  42
1812 2713  47  44  43
1801 2693  48  44  43
1791 2676  48  44  43
1785 2664  48  44  43
1784 2654  48  44  41
1784 2645  48  44  41
1789 2644  48  44  43
1796 2646  48  44  43
1807 2653  48  44  43
1822 2666  48  44  43
1839 2684  48  44  43
1859 2705  49  44  41
1878 2725  49  44  42
1897 2744  49  44  42
1913 2761  49  44  41
1925 2773  49  43  41
1932 2780  51  43  41
1936 2784  52  43  41
1936 2787  53  43  41
1933 2786  53  43  41
1925 2780  53  42  41
1916 2771  53  42  41
1902 2757  53  42  42
1890 2741  53  43  42
1880 2728  53  43  41
1876 2716  53  44  43
1875 2710  53  44  43
1877 2705  51  45  43
1883 2706  52  45  43
1894 2713  53  44  43
1905 2725  53  42  42
1920 2737  53  42  42
1933 2753  51  42  41
1947 2767  52  42  41
1958 2783  53  43  41
1969 2796  51  43  41
1976 2803  52  43  41
1983 2810  53  41  41
1984 2812  53  41  41
1984 2812  53  42  41
1984 2812  53  42  41
1982 2809  53  41  41
1977 2804  53  40  41
1973 2800  51  40  41
1971 2794  47  40  41
1968 2789  41  40  41
1968 2784  30  40  41
1969 2781  20  40  41
1973 2783  10  40  41
% 
% .PEN_UP
1980 2788   0  42  41
1989 2797   0  42  41
2000 2807   0  41  41
2013 2819   0  41  41
2028 2837   0  40  43
2042 2858   0  40  43
2057 2878   0  41  43
2070 2898   0  41  43
2083 2912   0  40  43
2092 2921   0  40  43
2096 2926   0  40  43
2096 2927   0  40  44
% 
% .PEN_DOWN
2094 2928  28  40  44
2094 2926  33  40  42
2092 2920  36  40  42
2087 2911  40  40  42
2079 2901  44  41  43
2068 2886  46  41  42
2056 2869  47  42  42
2044 2852  48  42  43
2031 2833  48  42  43
2019 2816  48  42  43
2008 2805  48  41  43
2000 2795  48  41  43
1996 2786  48  43  43
1995 2782  48  43  43
1996 2780  48  43  43
1999 2780  48  43  43
2007 2782  48  44  43
2018 2791  49  44  43
2030 2800  51  43  43
2047 2810  52  43  43
2061 2823  50  43  43
2075 2835  52  43  44
2084 2847  53  43  44
2091 2853  53  43  44
2096 2858  53  43  46
2098 2860  53  43  45
2097 2858  53  43  45
2095 2853  53  43  46
2091 2844  53  43  46
2082 2833  53  40  44
2074 2822  53  40  44
2064 2809  53  40  44
2059 2803  54  42  44
2057 2796  54  42  44
2056 2792  54  41  44
2060 2790  51  41  44
2064 2792  45  42  44
2070 2796  37  40  44
2079 2803  26  40  44
2091 2810  13  40  44
% 
% .PEN_UP
2102 2822   0  40  44
2112 2834   0  40  43
2122 2848   0  40  44
2133 2862   0  40  44
2142 2872   0  41  44
2152 2879   0  41  48
2161 2885   0  40  48
2167 2890   0  39  45
2170 2893   0  39  45
% 
% .PEN_DOWN
2170 2894  17  39  46
2170 2894  23  41  46
2171 2895  28  41  46
2171 2897  34  41  46
2172 2898  39  41  46
2171 2898  41  41  46
2172 2898  42  41  46
2171 2899  45  42  44
2167 2901  45  42  44
2161 2902  47  42  44
2155 2899  48  42  43
2149 2892  48  41  43
2142 2884  48  39  44
2133 2875  48  39  44
2126 2865  48  39  44
2119 2855  51  39  44
2112 2845  52  39  43
2107 2836  53  39  43
2105 2830  53  39  42
2105 2824  53  39  42
2108 2822  53  39  42
2113 2822  53  39  42
2121 2826  53  39  42
2132 2837  53  39  43
2143 2845  53  39  43
2157 2854  53  40  43
2165 2862  53  40  43
2173 2871  54  41  43
2179 2878  54  41  43
2182 2879  51  42  43
2184 2881  50  42  43
2183 2880  49  42  43
2182 2879  51  42  44
2176 2871  50  42  44
2168 2863  52  42  45
2161 2854  53  42  45
2155 2845  53  42  45
2151 2838  53  41  45
2150 2833  53  41  43
2150 2830  51  41  43
2154 2827  42  41  44
2159 2827  33  41  44
2167 2830  21  41  43
% 
% .PEN_UP
2178 2836   0  40  43
2189 2845   0  40  42
2200 2855   0  40  42
2210 2863   0  40  44
2216 2875   0  39  44
2222 2885   0  39  44
2227 2893   0  39  44
2233 2897   0  39  44
2236 2898   0  39  44
2236 2896   0  39  45
2235 2896   0  38  44
% 
% .PEN_DOWN
2235 2896  17  38  44
2235 2896  20  40  44
2238 2898  22  40  43
2242 2903  26  40  44
2247 2907  30  40  44
2252 2912  32  40  44
2257 2920  33  42  45
2265 2928  33  40  45
2272 2937  33  40  46
2279 2944  34  42  46
2286 2949  34  42  45
2292 2954  34  39  46
2295 2960  34  39  46
2297 2963  34  40  46
2299 2967  34  40  45
2296 2971  34  39  45
2291 2971  34  41  42
2286 2967  34  41  42
2279 2962  36  41  44
2270 2955  40  41  44
2263 2942  44  41  44
2256 2930  49  41  44
2252 2920  51  41  42
2248 2910  52  41  42
2247 2901  53  41  42
2248 2894  53  41  42
2250 2889  53  41  42
2254 2891  53  41  42
2262 2893  53  41  44
2270 2898  51  41  44
2279 2906  42  39  43
2291 2915  33  39  43
2301 2923  24  39  44
2312 2932  14  40  44
% 
% .PEN_UP
2321 2941   0  40  42
2331 2951   0  40  43
2339 2958   0  40  43
2347 2968   0  40  43
2354 2972   0  40  44
2360 2976   0  40  44
2366 2979   0  41  44
2369 2978   0  41  44
2370 2976   0  41  42
2370 2973   0  41  42
% 
% .PEN_DOWN
2370 2972   6  41  43
2370 2970  10  39  43
2370 2969  14  40  43
2371 2969  19  40  43
2371 2968  24  40  45
2373 2970  27  38  45
2377 2971  30  38  46
2380 2974  32  38  46
2384 2977  33  38  46
2388 2981  33  38  46
2390 2985  34  38  46
2392 2988  34  38  46
2391 2991  34  38  46
2390 2995  36  38  46
2387 2995  35  38  46
2380 2996  37  39  46
2370 2995  38  39  46
2359 2989  41  40  46
2347 2983  42  39  46
2336 2974  45  39  46
2326 2966  47  39  45
2318 2958  48  38  45
2312 2951  48  38  44
2310 2946  48  38  46
2311 2942  48  38  46
2317 2940  48  38  46
2324 2941  48  38  46
2334 2945  48  38  46
2346 2951  48  39  43
2357 2960  48  39  43
2368 2968  48  39  43
2377 2977  46  38  43
2385 2983  45  38  43
2391 2988  44  38  43
2395 2991  46  38  43
2398 2992  47  38  43
2398 2992  46  38  43
2396 2988  47  38  43
2391 2982  48  38  43
2382 2974  51  38  43
2370 2959  52  38  43
2350 2937  53  39  43
2327 2910  53  38  44
2299 2877  53  38  44
2270 2842  53  38  44
2244 2814  53  38  44
2218 2791  53  38  44
2200 2772  53  40  44
2190 2757  53  40  44
2184 2747  53  40  44
2178 2737  53  40  40
2177 2734  54  41  40
2178 2731  51  41  40
2181 2734  45  41  40
2189 2742  34  41  41
2202 2755  22  41  41
% 
% .PEN_UP
2220 2772   0  41  38
2238 2792   0  41  38
2256 2824   0  41  38
2278 2863   0  41  38
2304 2904   0  41  39
2333 2944   0  41  39
2361 2975   0  41  39
2383 2997   0  38  39
2403 3016   0  38  39
2420 3030   0  38  39
2434 3041   0  39  42
2448 3053   0  39  42
2460 3065   0  39  46
2470 3073   0  39  46
2480 3079   0  39  44
2484 3082   0  39  45
2484 3085   0  39  45
% 
% .PEN_DOWN
2482 3085  18  39  45
2478 3078  23  39  46
2470 3068  29  39  45
2461 3055  36  39  45
2450 3041  42  38  45
2441 3027  48  38  45
2434 3012  51  37  45
2430 3001  52  37  45
2426 2992  53  37  45
2425 2987  53  37  45
2427 2983  53  37  45
2430 2983  53  37  42
2434 2982  53  37  42
2444 2983  53  37  42
2456 2989  53  37  42
2472 2995  53  37  42
2493 3002  53  36  42
2517 3009  53  36  42
2542 3019  54  34  42
2566 3026  54  34  42
2590 3036  54  33  42
2616 3045  54  33  42
2635 3052  49  32  42
2651 3059  41  32  43
2665 3065  28  33  43
% 
