% .SEGMENT LETTER ? ? "0"
% 
% .PEN_DOWN
1868 3107   3  40  49
1870 3110   4  40  49
1874 3111   6  40  49
1878 3112  10  40  49
1879 3114  12  38  49
1880 3114  13  38  49
1880 3114  14  37  49
1881 3114  16  37  49
1881 3114  20  36  49
1881 3113  22  36  48
1880 3112  26  36  48
1879 3107  30  36  48
1873 3103  32  36  48
1864 3094  33  37  49
1852 3081  33  37  49
1834 3067  36  37  48
1815 3050  37  37  48
1793 3031  38  37  48
1766 3010  38  38  45
1734 2990  41  38  45
1703 2969  40  38  45
1674 2945  39  38  45
1646 2918  39  38  45
1621 2893  39  37  44
1598 2872  39  37  44
1579 2856  41  37  45
1570 2846  43  40  45
1566 2842  41  40  43
1570 2844  42  38  43
1583 2853  43  38  43
1600 2868  41  36  43
1623 2888  42  36  44
1647 2908  41  39  44
1674 2929  42  41  44
1705 2949  40  41  44
1733 2965  40  41  44
1752 2974  39  40  45
1764 2978  39  40  44
1769 2981  39  41  44
1767 2975  39  41  45
1753 2961  39  40  45
1730 2938  39  41  45
1698 2906  41  41  45
1661 2866  43  41  43
1615 2826  43  42  43
1565 2788  43  42  47
1520 2744  46  42  45
1476 2703  47  42  45
1440 2669  48  42  45
1410 2642  48  42  45
1389 2621  48  40  45
1375 2608  48  40  45
1366 2599  48  40  45
1363 2597  48  40  45
1367 2597  48  41  45
1375 2604  48  41  45
1396 2618  48  38  46
1424 2644  48  38  46
1460 2681  49  38  46
1508 2723  49  38  44
1569 2767  49  38  44
1635 2814  49  38  46
1709 2864  49  38  46
1783 2914  49  38  46
1854 2956  46  34  47
1919 2989  42  34  46
1980 3018  41  33  46
2035 3042  40  33  47
2079 3067  39  33  47
2118 3085  36  33  46
2152 3100  30  34  46
2181 3114  22  34  47
2200 3122  13  34  47
% 
% .PEN_UP
2212 3127   0  34  48
2215 3131   0  36  47
2209 3131   0  36  47
2197 3130   0  38  47
2181 3129   0  38  45
2165 3123   0  40  45
2144 3120   0  40  44
2122 3117   0  40  44
2104 3111   0  40  49
2083 3109   0  37  49
2065 3102   0  37  49
2042 3096   0  43  49
2022 3089   0  42  50
2008 3079   0  42  50
1996 3074   0  42  46
1983 3069   0  42  46
1972 3070   0  42  40
1971 3063   0  42  40
1969 3057   0  42  45
1973 3057   0  44  45
1977 3057   0  44  46
1985 3056   0  42  46
1994 3054   0  40  47
2001 3055   0  40  47
2006 3056   0  40  46
% 
% .PEN_DOWN
2012 3057   4  38  46
2018 3057   2  37  47
% 
% .PEN_UP
2026 3057   0  37  47
2029 3056   0  37  46
2030 3053   0  36  47
% 
% .PEN_DOWN
2026 3045   6  36  47
2013 3038  10  35  47
1997 3026  14  35  47
1979 3012  17  35  47
1955 2994  18  36  45
1924 2975  21  36  45
1885 2950  22  36  45
1845 2920  26  36  45
1799 2881  30  36  45
1746 2845  32  39  45
1695 2808  35  39  45
1642 2769  37  40  45
1590 2731  38  40  45
1543 2694  38  40  44
1503 2656  39  40  44
1470 2629  39  37  44
1448 2610  39  36  44
1433 2599  41  38  44
1428 2595  42  38  44
1431 2598  43  36  44
1444 2604  46  36  44
1466 2620  47  36  44
1499 2645  48  36  43
1544 2680  48  36  43
1599 2719  48  36  43
1663 2763  48  36  43
1737 2805  48  36  46
1816 2857  48  36  44
1899 2908  48  36  44
1988 2951  48  33  44
2074 2995  48  33  45
2159 3031  46  33  43
2233 3067  45  33  43
2301 3099  42  33  43
2358 3126  38  33  45
2405 3145  31  34  45
2443 3158  23  34  44
2470 3165  11  33  44
% 
% .PEN_UP
2484 3169   0  37  46
2488 3170   0  34  46
2479 3168   0  34  45
2463 3162   0  37  45
2445 3155   0  37  45
2417 3148   0  33  45
2386 3141   0  32  51
2356 3128   0  32  51
2315 3112   0  32  51
2283 3094   0  32  51
2248 3073   0  23  43
2205 3062   0  23  43
2166 3043   0  23  43
2127 3032   0  23  43
2093 3023   0  23  43
2051 2991   0  18  27
2015 2970   0  18  27
1975 2936   0  18  27
1940 2919   0  18  21
1893 2892   0  32  21
1860 2867   0  32  28
1832 2833   0  32  28
1804 2812   0  32  28
1778 2790   0  37  28
1751 2770   0  42  37
1725 2752   0  42  37
1704 2734   0  42  37
1686 2720   0  42  37
1671 2703   0  42  37
1660 2690   0  42  41
1651 2681   0  42  41
1648 2672   0  42  41
1643 2671   0  42  40
1644 2679   0  42  40
1647 2682   0  42  43
1651 2682   0  42  43
1653 2684   0  42  46
1656 2692   0  42  46
1655 2691   0  42  46
1656 2691   0  42  46
1655 2690   0  42  44
1654 2687   0  42  44
1649 2683   0  42  46
1647 2681   0  42  46
1642 2677   0  42  44
1637 2669   0  42  44
1632 2664   0  42  45
1629 2658   0  42  45
1626 2652   0  40  43
1621 2650   0  40  43
1617 2649   0  40  43
% 
% .PEN_DOWN
1616 2648  25  39  43
1618 2647  27  39  44
1623 2651  28  39  44
1629 2654  29  39  44
1638 2662  29  39  44
1648 2668  29  39  45
1660 2679  31  42  45
1673 2693  33  42  45
1688 2706  33  42  45
1704 2721  33  42  45
1719 2732  34  41  45
1733 2745  34  41  44
1744 2757  36  41  44
1751 2767  37  42  44
1754 2772  38  42  44
1755 2777  41  42  44
1755 2779  42  42  44
1748 2778  41  42  44
1738 2772  40  42  42
1725 2762  39  42  42
1707 2746  39  43  42
1691 2727  39  43  44
1676 2707  41  42  44
1666 2690  40  42  44
1662 2673  39  42  44
1659 2661  39  41  42
1660 2653  39  41  42
1667 2649  39  41  42
1677 2652  39  41  42
1693 2661  39  42  41
1712 2678  39  42  41
1731 2696  39  42  43
1749 2718  39  42  43
1767 2738  39  42  44
1781 2757  39  42  44
1791 2772  39  42  44
1800 2781  39  42  44
1804 2788  41  42  44
1806 2794  45  42  44
1806 2793  47  42  44
1801 2790  48  42  44
1796 2784  48  42  44
1786 2773  46  42  44
1776 2764  45  42  44
1768 2753  44  41  44
1761 2742  44  41  44
1759 2734  44  41  45
1758 2729  41  41  45
1758 2724  40  41  45
1761 2724  39  41  45
1765 2727  39  41  45
1772 2734  39  41  45
1780 2741  39  41  46
1788 2752  39  41  46
1798 2764  39  41  46
1808 2773  39  41  46
1817 2783  39  43  46
1826 2793  39  43  46
1834 2800  39  44  46
1838 2805  39  44  46
1843 2812  39  45  46
1844 2816  39  43  46
1845 2817  36  43  46
1847 2820  35  43  46
1848 2822  30  42  46
1850 2823  22  42  46
1851 2825  13  42  44
1852 2826   6  42  44
% 
% .PEN_UP
1858 2829   0  42  44
1866 2834   0  42  43
1874 2843   0  43  43
1884 2853   0  43  44
1894 2866   0  44  45
1906 2879   0  44  45
1918 2895   0  41  45
1929 2910   0  41  47
1939 2921   0  41  47
% 
% .PEN_DOWN
1945 2928  12  41  45
1951 2935  18  41  45
1953 2936  26  41  45
1955 2938  32  41  45
1953 2934  38  41  45
1949 2923  43  41  45
1941 2909  46  41  45
1932 2893  47  41  45
1920 2870  48  41  43
1907 2849  48  40  43
1894 2829  48  40  43
1881 2811  48  43  43
1872 2796  48  43  43
1862 2783  48  44  43
1854 2775  48  43  42
1850 2770  48  43  42
1851 2766  48  43  41
1852 2763  46  42  41
1855 2765  45  40  40
1865 2772  44  40  40
1875 2779  44  40  40
1890 2791  41  41  41
1904 2802  40  41  40
1917 2814  39  40  40
1927 2823  39  40  41
1936 2833  39  40  43
1940 2838  41  40  41
1942 2841  40  40  41
1943 2841  39  40  43
1943 2839  42  40  43
1939 2835  43  39  43
1934 2827  43  39  43
1926 2818  43  39  43
1919 2812  44  40  43
1912 2804  44  40  43
1909 2800  41  40  43
1908 2795  35  40  43
1910 2791  32  41  43
1913 2790  28  41  43
1917 2793  24  41  43
1925 2798  19  41  43
1935 2803  12  41  43
1944 2813   8  41  43
1955 2822   4  41  43
1965 2832   2  41  42
1976 2841   3  43  43
1987 2850   4  43  43
1995 2858   6  42  43
2003 2863  10  42  42
2010 2867  15  42  42
2014 2872  22  40  42
2018 2875  28  40  42
2020 2878  31  40  43
2025 2880  32  40  43
2026 2883  36  39  45
2027 2885  37  39  45
2028 2889  38  39  44
2026 2891  38  41  46
2025 2893  39  41  45
2022 2895  41  40  45
2020 2895  40  40  46
2013 2896  42  41  46
2005 2890  43  41  44
1997 2884  43  41  44
1988 2874  44  41  42
1979 2861  44  40  42
1973 2851  44  40  42
1966 2840  46  40  42
1963 2830  47  40  42
1961 2824  48  40  42
1960 2820  48  40  42
1963 2816  48  40  42
1968 2816  48  40  42
1975 2818  51  40  42
1986 2823  52  40  40
1998 2834  53  41  42
2013 2847  51  41  42
2028 2859  50  38  42
2037 2868  52  38  43
2047 2877  50  38  43
2051 2879  52  38  43
2054 2882  50  39  43
2054 2882  49  39  43
2049 2875  51  40  42
2041 2865  50  40  42
2032 2854  52  41  42
2026 2846  50  41  44
2022 2839  49  42  44
2021 2833  49  42  43
2022 2827  44  42  43
2026 2824  39  42  43
2032 2824  31  41  43
2042 2829  20  39  42
% 
% .PEN_UP
2053 2835   0  39  42
2062 2846   0  39  44
2070 2857   0  39  44
2076 2869   0  39  45
2082 2882   0  39  45
2088 2887   0  39  45
2089 2893   0  39  45
2089 2895   0  39  47
2089 2893   0  39  47
2086 2887   0  39  45
2081 2885   0  40  44
% 
% .PEN_DOWN
2077 2883  24  40  44
2076 2881  27  39  44
2078 2880  28  39  44
2082 2882  31  39  44
2088 2884  32  39  44
2096 2892  33  39  44
2108 2902  36  39  45
2121 2913  35  40  45
2132 2922  37  41  45
2143 2931  38  41  45
2149 2937  38  41  47
2157 2943  39  40  47
2160 2948  36  40  47
2161 2951  35  39  46
2157 2956  34  39  46
2151 2958  32  38  46
2143 2956  30  38  43
2135 2954  32  39  44
2128 2946  33  39  44
2120 2936  33  39  44
2111 2924  36  39  45
2106 2911  37  39  45
2102 2901  36  39  44
2099 2891  37  39  44
2100 2884  38  39  43
2103 2880  36  39  43
2107 2876  35  39  43
2113 2877  32  39  43
2121 2880  30  39  43
2131 2887  25  38  43
2143 2895  19  39  43
2154 2906  14  39  43
2166 2918   7  39  46
% 
% .PEN_UP
2178 2930   0  39  47
2189 2943   0  39  45
2200 2953   0  38  45
2209 2959   0  38  47
2216 2963   0  38  47
2219 2966   0  37  45
2220 2967   0  37  45
% 
% .PEN_DOWN
2221 2965   9  37  46
2220 2963  12  37  46
2219 2960  15  37  47
2219 2957  20  37  47
2219 2955  22  37  47
2220 2954  23  37  47
2221 2952  26  37  48
2223 2951  27  37  48
2226 2952  31  37  48
2231 2956  32  37  48
2234 2960  35  37  46
2238 2964  35  37  46
2243 2968  37  37  44
2247 2973  38  37  44
2249 2976  38  37  44
2250 2980  38  37  44
2249 2985  39  37  44
2246 2989  39  37  44
2239 2988  39  37  44
2228 2987  39  39  44
2217 2981  39  39  44
2203 2974  39  39  44
2189 2965  39  39  46
2178 2956  39  39  46
2171 2947  39  39  45
2166 2939  39  39  45
2165 2933  39  39  45
2168 2931  39  38  45
2176 2929  39  38  43
2185 2931  39  37  44
2199 2938  41  37  44
2213 2944  43  37  44
2227 2954  41  37  44
2239 2963  40  37  44
2248 2970  42  37  41
2254 2976  40  37  41
2257 2979  42  37  41
2258 2981  43  37  44
2258 2981  46  37  41
2255 2977  47  37  41
2248 2969  48  37  44
2236 2955  48  37  44
2221 2939  48  38  45
2201 2915  48  38  45
2174 2881  48  38  45
2145 2846  48  38  45
2116 2813  48  38  45
2087 2784  48  39  44
2058 2760  48  39  44
2037 2736  48  40  44
2021 2715  49  40  41
2010 2700  49  41  41
2002 2693  49  41  42
2000 2687  44  41  42
2003 2688  36  41  42
2010 2696  28  42  42
2025 2713  18  42  44
% 
% .PEN_UP
2045 2738   0  39  44
2069 2764   0  39  44
2093 2798   0  39  44
2119 2841   0  39  43
2151 2887   0  38  43
2186 2932   0  38  45
2221 2966   0  38  45
2252 2994   0  38  45
2280 3012   0  36  45
2303 3026   0  36  44
2321 3035   0  36  44
2329 3042   0  36  44
% 
% .PEN_DOWN
2332 3045  28  36  44
2335 3044  33  36  45
2335 3046  36  35  45
2333 3043  40  35  45
2326 3037  42  35  45
2316 3026  43  35  45
2305 3010  43  36  45
2293 2998  46  36  45
2284 2986  47  36  44
2277 2974  48  36  44
2271 2964  48  36  44
2270 2956  48  36  44
2271 2948  51  36  44
2274 2945  55  36  44
2282 2944  57  34  44
2296 2949  58  33  44
2318 2957  58  33  44
2345 2970  58  33  44
2374 2982  58  33  44
2400 2994  58  34  44
2426 3004  58  35  44
2454 3012  58  35  44
2479 3020  56  34  44
2503 3025  47  34  44
2524 3028  28  32  43
% 
