% .SEGMENT LETTER ? ? "0"
% 
% .PEN_DOWN
1432 2518  25  45  39
1418 2515  27  45  39
1411 2513  28  44  39
1407 2517  31  44  39
1411 2533  32  41  39
1426 2560  33  41  38
1452 2594  33  39  38
1486 2641  34  38  37
1535 2700  34  38  37
1592 2762  34  38  37
1655 2828  34  38  36
1723 2900  34  38  36
1785 2961  34  38  36
1847 3013  34  38  36
1900 3062  36  36  40
1938 3096  38  36  38
1963 3116  41  38  38
1975 3126  42  38  40
1981 3128  45  37  40
1978 3115  47  37  41
1965 3085  48  37  39
1943 3051  48  37  39
1913 3014  48  39  39
1879 2977  46  39  39
1848 2937  45  40  39
1823 2898  47  40  41
1807 2864  48  40  41
1799 2840  48  40  40
1802 2824  48  40  40
1817 2813  48  40  40
1851 2815  48  41  40
1899 2828  48  41  40
1960 2854  48  41  40
2036 2890  48  41  40
2121 2931  48  41  40
2206 2966  48  37  40
2296 3001  49  37  40
2375 3032  49  37  38
2447 3054  49  33  38
2503 3074  49  33  37
2539 3085  49  33  37
2557 3087  49  33  37
2557 3077  49  33  37
2531 3057  49  33  37
2479 3031  49  33  37
2405 2996  49  33  37
2315 2948  49  34  37
2210 2894  49  34  36
2093 2838  49  34  36
1977 2783  49  34  36
1866 2726  51  39  36
1759 2670  50  39  37
1656 2619  49  39  37
1568 2579  49  39  37
1497 2546  49  39  37
1440 2519  49  39  40
1401 2505  49  38  40
1380 2500  49  38  40
1376 2509  49  39  40
1394 2535  49  40  41
1433 2568  49  37  41
1488 2614  49  37  41
1565 2677  49  40  41
1658 2742  49  38  39
1761 2811  49  39  39
1868 2885  49  39  40
1983 2953  49  38  40
2100 3017  49  38  40
2203 3077  39  34  39
2295 3128  22  34  39
% 
% .PEN_UP
2372 3169   0  33  39
2434 3200   0  33  39
2480 3218   0  32  39
2507 3229   0  34  37
2518 3231   0  34  37
2512 3224   0  34  37
2493 3217   0  36  37
2467 3202   0  39  37
2437 3185   0  39  37
2406 3168   0  39  39
2366 3148   0  33  39
2329 3130   0  35  41
2297 3112   0  35  41
2257 3092   0  35  41
2224 3071   0  34  41
2187 3059   0  34  42
2158 3053   0  37  38
2132 3040   0  37  38
2112 3033   0  37  38
2094 3024   0  37  38
2075 3024   0  36  38
2061 3023   0  34  38
2049 3023   0  34  38
2040 3025   0  34  38
2036 3026   0  38  38
2033 3027   0  35  38
2033 3032   0  35  38
2032 3036   0  35  37
2034 3039   0  37  37
2039 3039   0  37  36
2043 3039   0  38  36
2049 3040   0  40  38
2054 3042   0  40  38
2056 3043   0  40  38
% 
% .PEN_DOWN
2057 3044  40  38  38
2060 3044  44  38  38
2066 3046  46  38  38
2071 3050  40  38  36
% 
