% .SEGMENT LETTER ? ? "0"
% 
% .PEN_DOWN
1438 2473  38  40  39
1432 2475  41  40  35
1433 2475  40  40  35
1435 2484  37  40  36
1445 2509  35  38  36
1464 2542  32  38  36
1495 2588  28  39  36
1542 2648  24  39  35
1598 2721  19  39  35
1660 2798  17  39  38
1724 2873  15  39  38
1780 2939  17  39  38
1831 2992  23  39  38
1872 3036  31  39  39
1900 3066  37  39  41
1915 3083  43  39  41
1921 3089  46  39  41
1921 3088  47  39  40
1911 3068  48  38  40
1889 3040  48  38  40
1862 3009  48  41  40
1837 2974  46  41  39
1813 2933  47  41  39
1795 2899  48  41  40
1786 2869  48  40  40
1786 2844  48  40  40
1799 2831  48  40  40
1828 2824  48  40  40
1881 2832  48  40  40
1951 2849  48  40  39
2035 2878  48  40  39
2132 2909  48  40  38
2231 2939  48  36  38
2322 2962  49  36  38
2405 2977  49  34  38
2474 2987  49  34  38
2527 2990  49  34  40
2566 2990  49  34  38
2590 2987  49  34  38
2600 2981  49  34  40
2591 2968  49  34  40
2560 2946  46  34  41
2502 2915  45  36  40
2424 2877  44  36  40
2331 2839  42  36  40
2222 2799  40  41  40
2101 2754  39  36  40
1977 2703  42  36  40
1857 2653  40  41  40
1745 2610  39  40  40
1640 2575  39  42  40
1553 2543  41  42  40
1482 2519  40  40  40
1428 2506  42  40  39
1397 2503  43  39  41
1385 2513  43  39  41
1399 2538  46  37  41
1437 2573  47  34  41
1503 2624  48  35  41
1596 2687  51  35  39
1711 2752  50  34  39
1843 2822  49  34  37
1983 2894  49  34  37
2130 2960  51  34  37
2271 3018  52  34  37
2405 3076  46  34  38
2516 3125  30  32  38
% 
% .PEN_UP
2610 3162   0  35  38
2682 3191   0  35  38
2733 3212   0  35  38
2764 3225   0  34  38
2771 3235   0  37  37
2764 3237   0  37  37
2745 3231   0  37  37
2713 3220   0  36  37
2664 3208   0  36  37
2612 3193   0  36  39
2550 3174   0  36  39
2482 3156   0  36  39
2411 3130   0  36  38
2344 3106   0  36  38
2286 3080   0  37  33
2223 3057   0  37  33
2172 3041   0  37  33
2126 3022   0  32  33
2087 3005   0  32  33
2052 2996   0  39  33
2030 2991   0  39  33
2015 2988   0  41  33
2008 2988   0  41  33
2009 2992   0  40  33
2015 2998   0  40  33
2018 3005   0  40  33
% 
% .PEN_DOWN
2019 3008  45  40  33
2025 3012  47  38  33
2039 3015  50  38  33
2057 3018  47  36  32
% 
