% .SEGMENT LETTER ? ? "0"
% 
% .PEN_DOWN
1502 2622  23  46  36
1493 2615  23  46  36
1489 2612  21  46  36
1489 2615  20  44  35
1497 2624  20  46  35
1513 2641  19  46  36
1541 2671  19  44  36
1581 2713  17  44  35
1631 2759  15  43  38
1693 2812  12  43  38
1758 2880  13  44  38
1830 2942  14  44  38
1900 2999  12  44  40
1966 3045  13  44  40
2020 3081  14  41  40
2061 3106  16  41  41
2084 3118  20  41  41
2099 3123  25  41  41
2105 3118  29  41  41
2104 3107  31  40  40
2102 3090  35  41  40
2096 3066  37  41  39
2089 3043  38  40  39
2085 3024  38  40  39
2085 3008  39  37  39
2090 2994  41  37  39
2101 2983  42  37  39
2124 2980  43  35  42
2167 2983  43  37  42
2220 2998  44  37  42
2289 3018  44  35  42
2367 3047  44  35  41
2458 3078  44  35  41
2553 3112  44  35  41
2642 3139  44  35  41
2726 3157  44  35  43
2796 3164  44  35  43
2853 3168  44  35  43
2897 3165  44  35  43
2934 3159  44  35  40
2959 3150  44  35  40
2971 3138  41  35  39
2972 3124  40  36  38
2957 3105  39  36  38
2927 3080  39  36  38
2880 3054  39  36  38
2813 3025  39  39  38
2729 2992  39  39  40
2638 2951  36  39  40
2533 2903  38  39  39
2416 2852  38  38  39
2296 2800  36  38  40
2172 2745  37  40  40
2046 2681  36  40  40
1922 2626  37  40  40
1801 2573  38  40  41
1700 2525  38  39  41
1613 2484  41  39  41
1546 2446  40  39  41
1496 2424  39  39  41
1462 2413  39  37  41
1444 2413  39  37  40
1442 2426  39  37  40
1457 2451  39  39  42
1483 2490  41  39  42
1529 2534  45  39  42
1589 2584  47  39  42
1669 2645  50  39  40
1761 2712  52  37  41
1871 2782  50  37  41
1992 2855  52  37  41
2117 2924  53  37  41
2245 2989  53  31  41
2357 3051  53  31  41
2458 3105  51  31  41
2537 3147  45  31  41
2602 3183  32  30  41
% 
% .PEN_UP
2650 3207   0  30  41
2682 3228   0  30  41
2702 3249   0  30  40
2709 3263   0  30  40
2707 3269   0  32  39
2692 3267   0  32  39
2664 3259   0  32  37
2625 3245   0  34  37
2586 3225   0  34  37
2540 3207   0  37  37
2489 3189   0  37  40
2443 3170   0  37  40
2396 3154   0  37  43
2352 3135   0  42  43
2315 3116   0  42  42
2287 3100   0  42  42
2265 3090   0  42  41
2246 3080   0  41  41
2237 3073   0  41  42
2238 3071   0  38  43
2240 3079   0  38  43
2243 3089   0  38  43
% 
% .PEN_DOWN
2247 3093  24  38  41
% 
