% .SEGMENT LETTER ? ? "0"
% 
% .PEN_DOWN
1338 2653  35  46  35
1330 2644  32  46  36
1330 2641  31  46  36
1337 2649  27  46  39
1351 2661  23  46  38
1372 2682  21  46  38
1406 2712  20  44  38
1448 2750  20  44  38
1499 2793  19  44  38
1564 2845  19  44  38
1628 2902  19  44  38
1697 2955  24  44  40
1762 3001  29  41  41
1819 3037  34  41  41
1869 3064  36  40  41
1904 3080  38  40  42
1926 3084  41  40  41
1936 3078  42  40  41
1935 3061  43  40  41
1925 3038  43  40  41
1904 3012  44  40  41
1877 2985  44  41  41
1854 2957  44  41  41
1835 2931  44  41  40
1823 2912  44  41  40
1820 2898  44  41  40
1830 2891  46  41  38
1860 2901  45  41  38
1906 2923  47  40  38
1968 2955  45  40  36
2047 2994  47  38  36
2139 3040  45  34  37
2238 3088  45  34  37
2333 3132  44  34  38
2424 3166  44  34  38
2501 3190  44  34  38
2564 3205  44  34  38
2616 3216  44  34  38
2654 3222  44  34  38
2681 3223  41  34  38
2699 3225  40  34  38
2714 3222  42  34  38
2723 3218  40  34  38
2733 3214  42  37  38
2747 3209  43  37  38
2769 3208  43  37  38
2804 3214  44  38  38
2847 3220  44  39  38
2903 3230  44  39  38
2965 3246  41  39  36
3032 3265  42  39  36
3097 3285  43  39  37
3152 3299  43  39  38
3193 3313  44  39  38
3218 3319  44  39  38
3220 3320  44  39  37
3201 3315  39  39  37
3154 3299  34  39  37
3081 3273  29  39  37
2985 3243  29  39  36
2859 3204  29  39  38
2713 3155  31  39  38
2551 3092  38  39  38
2386 3031  46  39  38
2214 2963  52  41  38
2047 2892  55  42  39
1893 2828  57  42  39
1759 2768  58  42  38
1638 2717  58  42  38
1539 2676  56  42  39
1461 2647  52  42  39
1409 2633  48  42  39
1380 2637  46  41  39
1373 2653  45  41  38
1390 2691  44  39  38
1434 2738  46  39  38
1501 2798  50  39  38
1590 2868  52  39  39
1701 2938  53  40  39
1831 3014  53  40  39
1973 3092  53  40  39
2122 3162  53  40  41
2272 3232  53  40  41
2418 3297  53  40  42
2561 3348  44  40  42
2681 3387  22  40  42
% 
% .PEN_UP
2780 3421   0  34  42
2855 3451   0  35  41
2909 3473   0  35  41
2948 3491   0  35  39
2972 3499   0  35  39
2981 3503   0  35  39
2970 3501   0  35  39
2950 3490   0  35  36
2921 3472   0  33  36
2882 3457   0  33  36
2828 3435   0  34  36
2768 3413   0  34  36
2707 3382   0  34  36
2645 3372   0  34  41
2564 3345   0  34  41
2493 3319   0  34  36
2430 3295   0  34  35
2365 3272   0  34  35
2313 3244   0  31  35
2258 3220   0  31  35
2210 3210   0  38  35
2171 3201   0  42  35
2146 3193   0  42  35
2131 3188   0  42  35
2120 3184   0  42  35
2111 3189   0  42  38
2103 3198   0  42  38
% 
% .PEN_DOWN
2100 3203  40  42  38
2101 3206  27  42  38
% 
