% .SEGMENT LETTER ? ? "0"
% 
% .PEN_DOWN
1487 2650   4  47  37
1489 2653   4  47  37
1493 2662   4  47  37
1499 2677   4  47  38
1509 2698   7  47  38
1523 2724   8  48  38
1545 2751   6  48  38
1572 2783   8  44  38
1600 2815   8  44  38
1628 2855   9  44  38
1656 2895   9  44  36
1683 2929   9  45  36
1706 2954  12  44  36
1721 2972  13  44  36
1729 2979  16  44  36
1730 2981  20  45  36
1727 2979  22  45  36
1716 2971  23  45  37
1704 2961  24  45  37
1693 2949  21  44  37
1684 2937  20  44  37
1681 2929  22  46  38
1684 2922  21  46  38
1695 2923  20  45  38
1715 2929  19  44  40
1745 2941  19  44  40
1779 2956  19  44  41
1818 2973  19  44  41
1867 2992  19  44  41
1918 3013  22  44  41
1971 3028  23  41  41
2027 3043  23  41  41
2079 3058  24  41  41
2131 3066  26  40  41
2181 3073  28  40  41
2228 3080  28  40  40
2271 3085  29  40  40
2313 3085  31  40  40
2354 3084  32  40  40
2389 3084  31  40  40
2420 3080  32  40  40
2450 3074  33  38  40
2472 3067  33  38  39
2483 3059  31  37  39
2484 3046  32  37  39
2471 3031  33  39  39
2445 3014  33  39  39
2398 2990  34  38  39
2334 2959  31  38  39
2249 2920  30  38  39
2158 2875  30  38  37
2059 2836  29  38  37
1950 2794  29  38  35
1846 2750  29  42  35
1745 2707  27  42  36
1644 2663  25  42  36
1559 2627  25  42  36
1485 2598  22  42  36
1425 2574  20  42  39
1382 2560  20  42  39
1356 2553  17  42  38
1350 2555  18  42  38
1361 2569  18  41  38
1394 2594  24  41  38
1450 2633  29  41  39
1527 2684  36  38  39
1621 2742  42  38  39
1728 2802  45  37  40
1848 2870  47  37  40
1978 2931  48  37  40
2111 2983  48  37  41
2238 3029  48  35  41
2346 3067  48  33  40
2444 3099  44  33  40
2521 3123  31  33  39
2582 3140  18  34  39
% 
% .PEN_UP
2626 3150   0  34  38
2648 3158   0  34  38
2653 3162   0  34  42
2640 3162   0  35  42
2614 3157   0  35  43
2579 3144   0  35  42
2531 3131   0  35  42
2476 3115   0  35  42
2412 3096   0  35  40
2344 3078   0  35  40
2277 3062   0  39  40
2210 3053   0  39  40
2154 3044   0  39  39
2104 3040   0  40  39
2062 3039   0  40  41
2028 3041   0  39  38
2007 3047   0  39  38
1995 3055   0  40  38
1993 3067   0  40  39
1994 3081   0  38  41
1996 3096   0  38  41
% 
% .PEN_DOWN
2004 3106  40  38  41
2022 3119  37  38  39
% 
