% .SEGMENT LETTER ? ? "0"
% 
% .PEN_DOWN
1400 2560   2  39  39
1396 2555   3  39  40
1391 2549   6  39  40
1388 2544   8  39  39
1384 2538   6  38  39
1381 2533   8  38  39
1378 2530  11  40  39
1377 2528  13  40  39
1376 2529  13  41  39
1379 2536  14  41  39
1386 2546  16  41  39
1396 2561  15  41  40
1412 2581  17  40  40
1432 2607  16  40  40
1453 2634  17  39  39
1479 2675  16  39  39
1510 2720  17  43  39
1550 2766  18  43  40
1591 2811  21  40  40
1630 2854  23  41  39
1670 2896  23  41  39
1710 2932  24  41  41
1742 2959  24  41  41
1768 2978  26  41  41
1787 2991  25  41  41
1799 2996  25  41  41
1803 2998  24  41  41
1803 2993  24  41  41
1797 2979  24  41  41
1786 2953  24  41  41
1772 2923  27  41  41
1752 2891  25  41  41
1734 2859  27  41  41
1719 2832  26  41  41
1710 2809  27  42  41
1706 2792  26  42  39
1711 2779  25  42  39
1724 2773  24  42  40
1743 2772  24  41  40
1770 2778  24  41  41
1804 2788  24  41  41
1847 2803  24  41  41
1895 2821  22  39  41
1940 2839  23  39  41
1985 2856  21  38  41
2023 2870  22  38  39
2049 2882  23  38  39
2062 2888  24  38  40
2067 2890  24  37  40
2060 2882  24  37  40
2038 2869  24  39  39
2006 2852  24  39  39
1967 2829  24  40  39
1916 2805  24  40  39
1854 2776  24  39  39
1784 2740  26  41  41
1710 2700  30  41  41
1630 2661  34  41  37
1556 2627  39  42  37
1489 2599  41  42  37
1431 2576  43  42  37
1384 2560  43  42  37
1352 2551  43  42  37
1331 2550  44  42  40
1318 2551  41  42  40
1318 2565  40  42  39
1326 2583  39  42  39
1346 2611  39  42  39
1378 2639  39  41  39
1423 2678  39  41  40
1471 2715  39  41  39
1530 2750  39  41  39
1590 2785  39  39  39
1656 2818  39  39  39
1724 2856  39  38  40
1799 2897  39  38  40
1876 2937  36  37  40
1952 2969  33  37  43
2026 2998  28  34  43
2090 3019  24  34  43
2147 3037  19  34  43
2193 3050  12  34  43
% 
% .PEN_UP
2226 3059   0  34  42
2250 3061   0  34  42
2260 3061   0  36  42
2261 3055   0  36  41
2258 3048   0  36  41
2247 3040   0  36  41
2238 3031   0  36  41
2224 3021   0  36  41
2205 3016   0  38  41
2174 3005   0  41  41
2146 3002   0  41  41
2122 2994   0  41  41
2089 2985   0  41  41
2052 2977   0  41  38
2018 2968   0  40  44
1987 2956   0  40  44
1958 2953   0  40  44
1935 2947   0  40  40
1915 2943   0  40  40
1897 2942   0  40  41
1883 2940   0  39  41
1873 2942   0  39  41
1862 2942   0  40  41
1855 2944   0  40  44
1850 2947   0  40  44
1848 2948   0  40  42
1850 2950   0  42  40
1858 2954   0  42  40
1864 2958   0  41  40
% 
% .PEN_DOWN
1868 2961  33  41  41
1871 2962  41  40  41
1873 2964  47  40  41
1876 2964  50  40  41
1876 2964  52  40  41
1878 2965  53  40  41
1876 2967  53  40  41
1879 2969  43  40  41
% 
