% .SEGMENT LETTER ? ? "0"
% 
% .PEN_DOWN
1560 2647  20  42  40
1542 2630  22  42  40
1526 2614  23  42  40
1515 2605  24  44  40
1507 2598  24  44  40
1501 2592  26  44  40
1499 2591  30  44  40
1498 2592  32  44  40
1502 2596  33  44  40
1516 2611  33  44  40
1542 2644  36  44  37
1582 2690  35  39  36
1626 2742  34  39  36
1680 2796  34  40  36
1736 2853  36  40  39
1792 2915  35  40  39
1851 2967  34  39  40
1902 3010  34  39  40
1943 3042  36  39  39
1973 3064  38  40  39
1994 3075  38  40  39
2005 3078  38  41  40
2009 3072  41  41  40
2007 3056  42  39  40
1998 3037  43  39  39
1987 3014  43  40  39
1977 2993  46  40  39
1970 2973  45  40  39
1969 2956  44  40  40
1976 2943  46  40  40
1994 2936  47  39  41
2029 2936  48  39  41
2075 2948  46  39  41
2135 2967  45  39  41
2205 2988  47  39  41
2284 3010  48  39  41
2363 3033  48  39  40
2441 3053  48  38  40
2506 3069  48  38  39
2557 3077  48  38  39
2594 3077  48  38  39
2615 3074  48  37  39
2623 3062  48  37  38
2612 3048  48  36  38
2586 3027  48  36  37
2540 3007  49  36  37
2476 2982  49  36  37
2391 2953  49  36  37
2299 2917  49  36  40
2193 2876  49  40  37
2080 2836  49  40  37
1957 2795  49  40  37
1841 2751  49  42  39
1730 2706  49  42  39
1625 2665  49  42  40
1537 2630  49  42  40
1465 2604  49  42  40
1415 2592  49  42  40
1388 2589  49  41  40
1385 2597  46  41  40
1408 2617  47  41  40
1456 2655  48  39  40
1532 2706  51  39  39
1629 2761  52  37  39
1737 2819  53  37  39
1855 2883  53  35  39
1979 2942  53  35  40
2102 2994  53  35  41
2209 3040  53  35  41
2305 3079  53  35  41
2386 3113  53  35  40
2456 3137  51  35  40
2508 3156  40  35  40
2544 3168  25  35  40
% 
% .PEN_UP
2563 3173   0  35  40
2565 3174   0  35  40
2552 3170   0  35  40
2525 3163   0  35  39
2484 3147   0  35  39
2439 3132   0  37  39
2387 3112   0  37  40
2334 3093   0  39  39
2284 3076   0  39  39
2233 3061   0  37  39
2189 3047   0  37  37
2149 3038   0  40  37
2114 3039   0  40  37
2085 3035   0  38  37
2064 3035   0  38  36
2047 3039   0  38  36
2038 3043   0  38  35
2038 3050   0  38  35
2043 3053   0  38  37
2054 3059   0  38  37
2060 3065   0  38  39
% 
% .PEN_DOWN
2067 3069  44  39  40
2076 3074  46  39  40
2087 3078  40  37  40
% 
