% .SEGMENT LETTER ? ? "0"
% 
% .PEN_DOWN
1915 3040   2  40  43
1920 3044   3  39  44
1926 3049   6  39  44
1933 3053   8  39  44
1940 3060  11  39  45
1948 3071  15  39  47
1957 3078  19  39  47
1964 3084  22  39  47
1973 3092  25  38  48
1981 3097  30  38  48
1990 3105  34  38  47
2001 3111  36  38  47
2011 3118  38  38  45
2018 3122  38  37  45
2022 3121  41  37  45
2023 3119  45  39  45
2019 3112  47  38  45
2009 3100  48  38  45
1994 3082  51  38  43
1973 3058  52  38  43
1946 3033  53  38  43
1911 3007  53  39  41
1868 2975  53  39  41
1825 2937  53  39  41
1781 2894  53  39  43
1735 2853  53  40  43
1697 2819  53  40  43
1666 2792  53  40  43
1643 2771  53  40  41
1630 2760  53  39  41
1625 2755  51  39  41
1631 2760  50  39  41
1644 2772  52  39  41
1666 2791  53  40  41
1697 2813  53  40  41
1736 2841  53  39  43
1773 2874  53  39  43
1810 2903  53  38  43
1845 2925  53  38  43
1873 2940  53  39  43
1890 2947  53  38  43
1899 2947  53  38  43
1896 2938  53  38  44
1878 2918  54  38  44
1852 2889  54  38  44
1821 2853  54  38  44
1780 2815  54  38  44
1731 2775  54  40  44
1684 2729  54  40  43
1636 2682  54  38  43
1586 2640  54  38  43
1544 2604  54  38  43
1510 2570  54  38  43
1486 2546  54  36  43
1468 2527  54  37  44
1457 2517  54  37  44
1455 2515  56  37  44
1463 2527  55  37  44
1481 2549  54  37  44
1512 2581  56  37  46
1562 2626  55  37  46
1624 2688  57  39  46
1702 2753  55  36  46
1790 2822  54  38  46
1882 2890  54  38  44
1975 2949  54  36  44
2064 3001  54  36  44
2153 3049  54  36  44
2228 3096  54  35  44
2302 3133  54  35  44
2364 3163  51  35  44
2419 3190  42  33  44
2466 3206  31  34  44
2502 3218  17  34  44
% 
% .PEN_UP
2526 3226   0  34  44
2540 3232   0  34  44
2544 3234   0  31  44
2540 3236   0  31  44
2533 3234   0  31  44
2518 3232   0  35  44
2498 3225   0  41  44
2471 3221   0  41  44
2450 3212   0  41  44
2421 3202   0  33  44
2393 3198   0  32  44
2356 3195   0  32  44
2326 3180   0  32  47
2297 3170   0  32  47
2275 3157   0  32  44
2241 3147   0  32  44
2212 3133   0  32  49
2181 3123   0  31  49
2158 3109   0  31  45
2136 3105   0  31  46
2125 3095   0  31  46
2114 3084   0  31  46
2106 3072   0  31  46
2105 3066   0  31  46
2109 3064   0  31  44
2116 3061   0  31  44
2123 3062   0  31  44
2127 3065   0  34  44
2132 3066   0  36  44
% 
% .PEN_DOWN
2137 3063  18  36  44
2142 3061  16  36  44
2146 3057  15  37  45
2147 3053  15  37  45
2141 3046  17  37  45
2132 3036  20  37  45
2119 3022  27  37  45
2096 3003  33  37  45
2070 2982  38  37  45
2032 2952  41  37  43
1991 2911  45  37  43
1945 2867  49  37  43
1888 2821  51  39  43
1831 2771  52  39  43
1772 2720  53  41  43
1714 2666  53  41  43
1668 2618  53  41  43
1627 2581  53  41  44
1596 2554  53  40  44
1576 2534  53  40  44
1566 2522  51  39  44
1566 2519  52  40  45
1583 2532  50  38  45
1611 2554  52  38  45
1650 2587  53  40  45
1704 2628  53  37  44
1768 2683  53  39  44
1846 2741  51  39  44
1929 2802  52  37  44
2017 2865  53  37  44
2109 2922  53  35  44
2196 2973  53  35  44
2285 3022  53  34  44
2366 3069  53  31  44
2444 3114  53  32  44
2511 3151  51  32  44
2567 3179  45  31  44
2613 3200  37  31  44
2647 3213  28  31  44
2668 3217  19  31  44
2677 3218   9  30  44
% 
% .PEN_UP
2674 3214   0  30  44
2658 3207   0  31  44
2634 3201   0  31  44
2607 3192   0  31  44
2576 3181   0  31  42
2542 3168   0  32  42
2505 3152   0  30  40
2469 3137   0  30  40
2441 3128   0  30  36
2412 3105   0  25  36
2382 3084   0  25  35
2364 3071   0  21  17
2334 3055   0  21  17
2310 3035   0  17  17
2121 2895   0  23  31
2096 2862   0  23  31
2070 2836   0  23  31
2036 2813   0  32  31
2009 2795   0  32  31
1988 2773   0  32  31
1966 2753   0  32  42
1950 2735   0  32  42
1935 2722   0  32  40
1921 2708   0  36  40
1908 2693   0  41  43
1900 2684   0  41  43
1890 2679   0  41  44
1887 2670   0  40  44
1881 2666   0  40  39
1874 2660   0  42  42
1868 2656   0  42  42
1859 2650   0  45  42
1848 2645   0  45  43
1838 2640   0  43  41
1830 2635   0  43  41
1819 2628   0  43  41
1810 2622   0  43  41
1805 2617   0  43  41
1799 2613   0  43  41
1795 2613   0  43  41
1795 2614   0  43  41
1794 2613   0  43  41
1793 2612   0  43  41
1793 2612   0  43  41
1790 2612   0  43  41
1787 2611   0  43  41
1784 2608   0  43  41
1780 2606   0  43  41
1777 2604   0  43  41
1773 2605   0  43  41
1768 2604   0  43  41
1763 2599   0  43  41
1759 2595   0  42  41
1755 2593   0  42  41
1750 2589   0  42  41
1746 2583   0  43  41
1740 2580   0  43  41
1733 2578   0  43  41
1726 2575   0  44  41
% 
% .PEN_DOWN
1721 2572  17  44  41
1718 2570  20  44  41
1717 2570  25  45  41
1714 2569  29  45  41
1715 2569  34  45  41
1717 2568  41  45  41
1722 2570  47  44  41
1731 2574  53  44  41
1745 2587  56  42  41
1763 2598  57  42  41
1781 2616  58  42  41
1799 2634  58  42  41
1819 2656  58  41  41
1835 2673  58  42  42
1851 2691  58  42  42
1864 2706  58  42  41
1872 2715  58  42  41
1876 2720  58  42  41
1877 2726  58  42  39
1871 2728  58  42  39
1861 2723  59  42  39
1845 2712  59  42  39
1829 2695  59  42  39
1812 2677  59  42  40
1797 2657  59  42  40
1786 2639  59  42  41
1777 2626  59  42  41
1773 2617  59  42  41
1775 2611  59  42  41
1780 2608  59  42  41
1787 2610  59  42  41
1798 2613  59  42  41
1809 2620  59  41  41
1825 2632  59  41  41
1843 2647  59  43  41
1859 2667  59  43  43
1875 2685  59  41  43
1890 2702  59  43  42
1903 2719  59  43  42
1911 2731  59  43  42
1917 2736  59  42  42
1920 2740  56  40  41
1919 2740  55  40  41
1916 2735  57  40  41
1909 2728  55  42  41
1899 2716  54  42  43
1888 2702  54  42  43
1880 2690  54  42  41
1873 2682  54  44  41
1869 2676  56  45  42
1868 2672  55  45  42
1870 2671  54  45  43
1874 2672  56  44  43
1882 2681  55  44  43
1893 2693  57  42  42
1906 2705  58  42  42
1920 2722  58  42  42
1933 2737  58  42  41
1945 2752  58  42  41
1955 2764  58  42  41
1961 2773  58  42  41
1965 2776  58  42  41
1968 2779  58  41  41
1968 2779  56  41  41
1967 2779  55  41  41
1965 2775  52  41  42
1962 2771  43  41  42
1960 2767  31  41  43
1958 2764  15  41  43
% 
% .PEN_UP
1957 2764   0  41  42
1958 2766   0  41  42
1963 2772   0  41  42
1969 2784   0  41  42
1979 2797   0  41  42
1989 2811   0  40  42
2000 2828   0  40  43
2014 2847   0  38  43
2028 2861   0  38  40
2042 2873   0  38  40
2054 2882   0  38  40
2063 2889   0  40  40
2066 2894   0  40  41
% 
% .PEN_DOWN
2069 2897  34  40  41
2069 2899  39  40  42
2070 2899  41  41  43
2071 2897  45  41  42
2069 2894  49  41  42
2065 2882  54  41  43
2059 2871  56  40  43
2052 2858  57  41  42
2043 2842  58  41  42
2032 2826  56  41  42
2021 2807  57  43  43
2013 2795  58  43  42
2006 2783  58  44  42
2001 2774  56  44  43
2000 2765  55  42  43
1999 2761  54  42  43
2003 2760  56  42  43
2009 2761  57  42  41
2018 2766  58  40  41
2029 2777  58  40  41
2044 2788  56  42  41
2057 2801  55  42  41
2073 2810  57  42  41
2084 2824  58  42  41
2092 2835  58  42  41
2101 2845  58  42  41
2107 2852  58  42  41
2108 2852  58  42  42
2108 2852  58  42  42
2106 2848  58  42  42
2103 2838  58  42  42
2096 2828  58  42  42
2087 2816  58  42  42
2079 2802  59  42  42
2072 2795  59  43  42
2068 2787  59  43  42
2064 2781  59  42  42
2064 2778  59  42  42
2064 2776  56  41  42
2068 2777  50  41  42
2073 2780  44  41  42
2082 2786  37  41  42
2091 2793  30  41  42
2102 2803  22  41  42
2114 2814  16  41  42
2125 2827  10  41  42
2136 2839   7  41  42
2146 2852   6  41  43
2155 2861   5  42  43
2163 2871   7  42  43
2169 2879  13  42  43
2173 2883  19  42  43
2177 2888  26  42  43
2179 2893  32  41  44
2181 2896  40  41  44
2181 2898  44  41  43
2183 2900  49  40  43
2184 2904  51  40  44
2185 2905  52  39  45
2186 2908  55  39  45
2186 2910  57  39  45
2187 2913  58  39  45
2186 2914  58  41  45
2182 2914  58  40  43
2177 2913  58  40  43
2171 2911  58  40  42
2162 2903  58  40  41
2153 2893  58  40  41
2142 2881  58  40  41
2133 2867  58  40  41
2126 2855  58  40  41
2120 2843  59  40  41
2116 2833  59  40  41
2115 2826  59  40  41
2117 2821  59  40  41
2119 2818  59  40  41
2125 2819  59  40  42
2134 2824  59  40  42
2148 2834  59  41  42
2162 2844  59  41  43
2179 2857  59  40  43
2192 2868  59  40  45
2202 2878  59  40  45
2207 2885  56  40  45
2210 2888  55  40  45
2213 2891  54  40  46
2212 2888  56  40  43
2209 2882  57  40  43
2203 2875  55  40  43
2195 2865  54  40  44
2189 2854  56  41  43
2186 2846  57  41  43
2185 2839  55  40  43
2186 2833  47  39  42
2191 2830  38  40  42
2200 2834  26  40  42
% 
% .PEN_UP
2211 2839   0  39  42
2223 2850   0  39  42
2232 2860   0  39  44
2242 2871   0  39  44
2251 2885   0  39  44
2262 2897   0  39  47
2269 2907   0  39  47
2274 2915   0  39  45
2277 2915   0  39  45
2277 2915   0  39  44
2276 2911   0  39  44
2273 2907   0  39  43
2270 2905   0  39  43
% 
% .PEN_DOWN
2267 2906  36  39  43
2266 2904  40  39  43
2266 2906  42  39  44
2267 2907  48  39  44
2270 2910  51  39  45
2273 2916  52  39  45
2279 2924  53  39  45
2287 2934  53  40  45
2294 2942  53  40  44
2303 2951  53  39  44
2310 2957  53  40  46
2316 2964  53  40  46
2321 2969  53  40  45
2323 2974  53  39  45
2324 2978  53  39  45
2321 2980  53  39  45
2315 2981  54  39  45
2308 2979  54  40  44
2300 2974  56  40  44
2291 2967  57  38  44
2282 2957  58  38  44
2276 2945  58  38  44
2271 2935  58  38  42
2268 2925  58  38  42
2267 2918  58  38  44
2268 2909  58  38  44
2270 2903  58  38  43
2274 2901  58  37  44
2280 2900  58  37  44
2288 2903  58  37  44
2300 2909  54  37  43
2314 2919  44  36  42
2328 2929  36  36  42
2341 2939  30  36  42
2353 2950  27  36  43
2365 2962  23  37  43
2373 2971  21  37  41
2380 2978  20  36  41
2385 2982  20  38  41
2388 2986  22  37  41
2389 2987  28  37  41
2390 2989  33  38  41
2391 2990  36  38  41
2392 2987  40  38  41
2392 2986  42  38  41
2393 2987  45  38  41
2395 2988  47  38  41
2397 2988  50  38  41
2400 2989  52  38  41
2404 2991  53  38  41
2410 2993  53  38  41
2415 2998  53  38  41
2420 3004  53  38  41
2424 3007  53  38  41
2426 3011  53  38  41
2429 3014  53  37  41
2429 3018  53  37  41
2427 3021  53  37  41
2424 3022  56  37  41
2419 3022  55  37  41
2411 3019  57  37  41
2402 3012  58  37  41
2389 3005  58  37  41
2375 2995  58  37  41
2364 2983  58  37  42
2355 2971  58  38  42
2348 2960  58  38  43
2345 2951  58  38  43
2346 2947  58  38  43
2349 2943  58  37  43
2358 2946  58  37  44
2370 2951  59  38  42
2383 2959  59  38  42
2395 2970  59  38  42
2407 2981  59  38  42
2417 2988  59  38  42
2424 2997  59  38  42
2427 3000  59  38  42
2428 3002  59  38  42
2428 2998  59  38  42
2421 2992  59  38  42
2412 2980  59  38  42
2399 2967  59  38  44
2382 2945  59  39  44
2356 2913  56  39  44
2327 2880  57  38  44
2298 2847  58  38  44
2273 2816  58  38  41
2252 2793  58  38  41
2235 2774  56  38  41
2224 2760  57  40  42
2216 2750  58  39  42
2211 2744  58  39  42
2210 2741  58  40  42
2213 2742  58  40  43
2221 2750  56  39  43
2232 2763  52  39  43
2248 2782  43  39  43
2267 2802  31  39  43
2290 2828  20  38  43
% 
% .PEN_UP
2316 2863   0  38  43
2344 2907   0  38  43
2371 2946   0  38  43
2398 2977   0  38  43
2424 3006   0  37  45
2451 3028   0  37  45
2474 3044   0  37  45
2493 3058   0  37  45
2505 3067   0  35  44
% 
% .PEN_DOWN
2514 3078  38  35  44
2523 3084  43  35  45
2528 3086  48  35  45
2528 3087  53  34  44
2526 3085  56  34  44
2520 3076  57  34  44
2510 3062  58  37  44
2495 3043  58  37  44
2478 3025  58  37  44
2464 3009  58  37  44
2454 2997  58  37  44
2448 2987  58  37  45
2448 2981  56  35  45
2453 2980  57  35  44
2463 2982  58  35  44
2481 2988  56  35  44
2502 2998  57  34  44
2525 3007  55  34  44
2548 3023  57  34  44
2572 3037  58  34  44
2594 3048  58  34  44
2615 3057  58  34  44
2635 3064  58  35  44
2655 3070  58  35  44
2671 3074  53  35  44
2686 3076  41  35  44
2699 3079  20  35  44
% 
