% .PEN_DOWN
1995 3077   9  38  45
1997 3080   9  36  45
1998 3083  12  36  46
2000 3085  13  35  46
2002 3086  14  35  46
2004 3087  16  35  46
2006 3088  18  35  46
2008 3088  21  35  46
2009 3087  22  35  46
2012 3088  23  35  46
2013 3092  26  35  46
2017 3090  30  37  46
2019 3090  34  37  48
2020 3089  39  38  45
2022 3090  44  38  45
2022 3090  46  36  45
2022 3090  47  36  46
2023 3092  50  36  46
2023 3091  52  36  46
2023 3089  55  35  46
2019 3087  57  37  48
2014 3080  58  37  48
2004 3068  58  37  48
1991 3055  58  37  48
1974 3039  58  37  48
1952 3018  58  37  48
1926 2999  58  37  48
1895 2979  58  38  48
1863 2955  58  38  46
1834 2928  58  38  45
1807 2898  58  38  45
1780 2870  59  39  45
1752 2847  59  39  45
1731 2832  59  39  45
1718 2823  59  39  45
1712 2817  59  39  45
1713 2816  59  39  45
1722 2821  59  35  45
1740 2831  59  35  43
1761 2844  59  35  43
1782 2861  59  36  43
1803 2877  59  36  43
1824 2889  59  36  44
1841 2897  59  35  44
1854 2902  59  35  45
1861 2902  59  35  45
1861 2895  59  35  45
1851 2880  59  38  45
1835 2861  59  38  45
1814 2835  59  38  45
1787 2808  59  39  45
1752 2781  56  39  45
1711 2749  57  39  43
1672 2710  58  39  43
1633 2674  58  39  44
1591 2641  58  37  44
1553 2609  58  37  44
1524 2586  58  37  44
1501 2569  58  37  45
1487 2556  58  37  45
1481 2551  58  37  46
1479 2551  58  37  45
1485 2557  58  37  45
1498 2568  59  37  45
1523 2584  59  37  45
1560 2603  61  35  44
1603 2630  60  35  44
1653 2662  59  35  44
1712 2697  59  36  43
1772 2732  59  36  43
1838 2766  59  36  43
1903 2799  61  36  43
1971 2833  60  36  43
2037 2868  59  36  43
2099 2905  59  33  44
2162 2936  59  33  44
2219 2965  59  33  44
2277 2992  59  32  44
2332 3013  59  32  45
2378 3036  59  32  45
2418 3053  59  32  43
2454 3070  59  32  43
2480 3079  56  32  45
2500 3085  52  33  44
2511 3087  43  33  44
2515 3086  26  33  44
% 
% .PEN_UP
2511 3082   0  33  44
2495 3078   0  34  44
2470 3072   0  34  44
2445 3066   0  34  44
2416 3061   0  34  43
2383 3057   0  33  43
2349 3042   0  33  43
2317 3033   0  23  43
2059 2903   0  22  51
2053 2900   0  27  50
2047 2898   0  27  50
2044 2897   0  33  50
2048 2898   0  33  44
2056 2903   0  30  44
2068 2908   0  30  44
2080 2920   0  30  46
2097 2934   0  30  46
2115 2946   0  33  46
2138 2959   0  33  46
2160 2968   0  33  46
2185 2981   0  27  46
2206 2983   0  27  46
2224 2990   0  27  46
2239 2990   0  27  46
2250 2989   0  27  46
2254 2983   0  27  46
2253 2981   0  27  45
2245 2976   0  29  45
% 
% .PEN_DOWN
2233 2965  33  29  46
2215 2949  33  31  46
2190 2928  33  32  46
2162 2903  34  32  46
2126 2870  34  32  44
2083 2838  36  34  44
2028 2804  42  34  46
1971 2766  48  34  46
1907 2722  51  34  46
1848 2673  52  34  46
1790 2631  53  34  46
1733 2593  56  36  46
1687 2558  57  33  47
1652 2530  58  33  47
1626 2511  58  33  45
1614 2502  58  33  45
1610 2500  58  33  43
1621 2509  58  33  43
1641 2528  58  33  43
1679 2553  58  36  43
1731 2587  58  36  43
1794 2632  58  36  43
1871 2684  58  36  43
1962 2736  59  34  43
2053 2788  59  34  43
2151 2840  59  34  43
2249 2891  61  34  43
2338 2934  60  34  43
2425 2971  62  34  43
2500 3003  63  34  43
2562 3027  61  34  43
2611 3048  60  30  42
2648 3063  57  30  42
2668 3070  48  30  42
2678 3076  38  30  41
2678 3075  21  30  41
% 
% .PEN_UP
2667 3071   0  30  39
2647 3065   0  30  39
2617 3057   0  30  37
2586 3048   0  30  37
2550 3039   0  30  37
2509 3033   0  30  37
2468 3022   0  30  37
2423 3009   0  33  37
2386 2992   0  33  50
2021 2786   0  32  51
1992 2770   0  32  51
1962 2751   0  32  50
1925 2723   0  42  45
1889 2692   0  42  45
1859 2661   0  43  45
1832 2637   0  43  45
1810 2618   0  43  45
1798 2605   0  43  45
1790 2596   0  43  45
1785 2591   0  43  45
1786 2589   0  43  45
1787 2584   0  43  45
1794 2584   0  43  45
1801 2585   0  43  45
1811 2592   0  48  45
1819 2598   0  44  45
1828 2601   0  44  45
1835 2602   0  44  45
1838 2605   0  42  45
1840 2607   0  42  45
1840 2610   0  44  45
1839 2611   0  44  45
1835 2610   0  44  45
1830 2609   0  44  45
1824 2604   0  42  45
1819 2599   0  42  45
1813 2595   0  42  45
1807 2590   0  42  45
1804 2582   0  42  45
1798 2576   0  42  45
1794 2573   0  42  43
% 
% .PEN_DOWN
1792 2569  23  42  43
1792 2567  26  42  43
1795 2567  27  42  43
1802 2568  31  42  43
1811 2571  35  42  43
1825 2578  39  43  43
1843 2589  41  43  43
1863 2599  45  42  43
1886 2614  47  40  43
1906 2629  48  40  43
1926 2648  48  40  43
1942 2666  46  40  43
1955 2686  47  40  43
1963 2698  45  40  44
1968 2715  47  40  44
1969 2726  48  40  44
1969 2734  48  40  44
1965 2739  51  40  42
1958 2737  52  40  42
1947 2727  53  40  42
1933 2712  53  40  42
1917 2691  53  42  42
1900 2666  53  41  42
1886 2644  53  41  42
1875 2625  53  41  42
1869 2608  53  41  42
1866 2598  53  41  42
1868 2590  53  42  42
1873 2588  53  42  42
1885 2591  54  39  42
1900 2595  54  39  42
1920 2609  54  39  42
1938 2626  54  38  41
1956 2648  54  38  41
1975 2670  54  38  40
1992 2691  54  40  40
2006 2710  54  39  41
2017 2723  54  39  41
2022 2732  54  39  41
2025 2734  54  39  41
2023 2734  56  39  43
2015 2729  57  40  42
2005 2719  55  40  42
1993 2706  57  38  42
1980 2690  55  38  43
1972 2674  54  38  43
1968 2663  54  38  42
1964 2655  54  38  42
1963 2648  54  38  41
1967 2651  54  37  41
1974 2657  56  37  43
1984 2666  57  39  44
1995 2680  55  39  44
2010 2700  54  39  44
2027 2716  56  39  43
2042 2731  57  38  43
2056 2744  58  36  41
2067 2756  58  36  41
2077 2764  58  36  40
2085 2772  58  36  40
2086 2776  58  36  40
2087 2776  58  36  40
2088 2775  58  36  40
2086 2773  58  36  40
2085 2769  56  36  38
2084 2767  50  36  39
2084 2765  42  36  39
2086 2763  33  36  39
2090 2764  21  36  37
2094 2768  13  36  37
% 
% .PEN_UP
2100 2772   0  36  37
2105 2781   0  36  37
2112 2793   0  36  37
2120 2805   0  39  37
2130 2820   0  39  38
2140 2839   0  39  38
2151 2855   0  42  38
2161 2873   0  42  38
2172 2884   0  42  39
2180 2890   0  43  39
2188 2894   0  43  41
2189 2894   0  43  41
% 
% .PEN_DOWN
2189 2898  36  43  42
2192 2898  42  42  42
2193 2893  45  42  42
2194 2887  49  41  42
2191 2875  54  40  43
2188 2862  56  40  43
2180 2846  57  40  43
2168 2828  58  39  43
2157 2811  58  39  43
2146 2795  58  40  43
2135 2778  58  40  41
2124 2763  58  40  41
2118 2753  58  40  41
2113 2743  58  40  41
2111 2735  58  40  41
2111 2731  58  40  41
2115 2731  58  40  41
2120 2737  59  40  41
2129 2745  59  40  41
2142 2755  59  37  41
2153 2768  59  37  41
2165 2780  59  36  41
2175 2790  59  36  41
2182 2799  59  38  41
2186 2800  59  38  41
2188 2802  59  39  41
2187 2801  59  39  41
2186 2798  59  39  41
2183 2793  59  39  41
2177 2785  59  39  41
2173 2776  59  38  40
2168 2769  59  38  40
2165 2759  59  38  40
2164 2753  56  40  40
2166 2750  55  40  40
2169 2748  54  41  42
2175 2748  49  41  42
2180 2751  44  39  42
2189 2758  36  39  41
2200 2765  28  38  41
2212 2775  21  38  41
2223 2783  15  38  41
2234 2792  12  38  41
2243 2800  11  38  41
2253 2809  10  38  41
2262 2816  12  38  41
2269 2822  16  38  40
2275 2825  20  37  40
2281 2829  24  37  41
2286 2833  32  35  42
2291 2835  38  35  42
2294 2836  43  36  42
2296 2838  46  36  42
2297 2841  50  37  42
2298 2843  54  35  42
2298 2845  56  35  42
2294 2847  57  35  40
2292 2849  58  34  40
2288 2851  58  34  39
2281 2849  58  34  39
2276 2845  58  34  39
2268 2841  58  34  39
2258 2831  58  38  39
2249 2820  58  34  39
2239 2810  56  34  39
2231 2799  57  38  39
2226 2792  55  38  39
2224 2786  57  40  39
2223 2781  55  39  39
2224 2779  54  39  39
2230 2779  56  39  39
2237 2779  57  39  39
2247 2784  55  39  39
2259 2792  57  39  39
2271 2801  58  39  39
2281 2811  58  38  39
2289 2817  58  38  39
2294 2822  58  37  39
2297 2825  58  37  39
2299 2825  58  37  39
2298 2823  58  37  39
2295 2816  58  37  39
2288 2808  58  37  39
2283 2800  58  39  39
2280 2792  59  39  39
2278 2787  59  37  39
2279 2785  54  37  39
2281 2782  46  39  39
2288 2781  38  36  39
2296 2786  26  36  39
2306 2792  15  36  39
% 
% .PEN_UP
2317 2800   0  36  39
2327 2809   0  36  39
2333 2815   0  38  37
2339 2825   0  38  37
2344 2835   0  37  37
2347 2841   0  37  38
2348 2843   0  37  38
2348 2845   0  37  38
% 
% .PEN_DOWN
2347 2845  23  39  36
2347 2846  28  39  36
2350 2845  34  39  36
2355 2845  39  39  39
2359 2848  44  38  39
2366 2852  49  37  38
2376 2855  51  37  38
2385 2862  55  37  39
2395 2871  57  37  39
2402 2882  55  37  39
2410 2889  54  37  43
2415 2896  54  37  43
2419 2904  56  37  43
2422 2909  57  37  42
2424 2917  58  37  42
2421 2922  58  37  42
2416 2923  58  37  42
2409 2920  58  37  42
2398 2911  58  36  42
2389 2902  58  38  42
2377 2886  58  38  42
2368 2875  58  38  42
2362 2861  58  37  42
2357 2850  58  37  40
2356 2841  59  37  40
2360 2835  59  37  41
2367 2829  59  37  41
2376 2830  56  37  44
2389 2834  50  37  43
2402 2843  37  37  43
2413 2853  21  37  43
% 
% .PEN_UP
2427 2866   0  37  43
2438 2879   0  38  44
2449 2889   0  38  44
2460 2900   0  37  44
2470 2912   0  37  44
2481 2920   0  34  43
2491 2924   0  34  43
2497 2924   0  34  43
2500 2925   0  34  42
2501 2926   0  35  42
% 
% .PEN_DOWN
2502 2925  19  35  44
2503 2926  22  38  45
2507 2928  25  38  45
2509 2931  32  37  45
2512 2933  38  36  43
2513 2935  41  37  43
2518 2940  45  37  44
2522 2945  47  36  44
2527 2949  48  36  44
2530 2954  48  35  44
2532 2959  51  35  44
2533 2963  52  35  42
2532 2965  55  35  42
2528 2968  57  36  42
2520 2969  58  36  43
2506 2967  58  36  43
2493 2961  58  35  41
2476 2952  58  35  41
2464 2941  58  35  41
2454 2929  58  36  41
2447 2919  58  36  42
2444 2909  58  36  42
2445 2903  58  36  42
2452 2899  58  35  42
2460 2897  59  35  42
2473 2899  59  35  42
2489 2907  59  34  42
2506 2915  59  34  42
2519 2925  59  34  42
2529 2935  59  34  42
2536 2945  59  34  43
2543 2952  59  34  43
2545 2958  59  34  42
2546 2962  59  34  42
2544 2964  59  34  42
2541 2964  56  33  42
2539 2963  57  33  43
2535 2958  55  33  43
2531 2951  54  33  43
2524 2939  56  33  43
2518 2924  57  33  43
2508 2903  58  35  42
2497 2880  58  35  42
2482 2854  58  36  42
2462 2826  58  36  42
2440 2801  58  36  42
2419 2777  58  37  41
2399 2756  58  37  41
2377 2731  58  37  42
2355 2707  58  38  42
2337 2690  58  38  41
2324 2676  59  38  41
2316 2667  59  38  41
2312 2663  54  38  41
2313 2664  44  38  39
2320 2673  31  37  39
2335 2691  18  36  39
% 
% .PEN_UP
2354 2717   0  36  39
2377 2747   0  36  39
2398 2779   0  36  39
2421 2814   0  36  39
2444 2855   0  33  43
2471 2894   0  33  43
2495 2933   0  33  43
2519 2960   0  33  43
2537 2983   0  33  43
2553 3004   0  33  43
2568 3020   0  33  43
2579 3032   0  33  43
2587 3044   0  35  43
2592 3052   0  36  44
% 
% .PEN_DOWN
2598 3058  30  36  44
2603 3060  34  36  44
2605 3054  41  35  44
2603 3043  47  35  44
2595 3025  50  36  44
2586 3006  54  36  44
2574 2983  56  36  44
2562 2961  55  35  42
2549 2936  57  35  42
2540 2917  58  35  42
2531 2900  58  34  42
2529 2889  58  34  43
2529 2880  58  34  43
2533 2879  58  34  43
2542 2882  58  34  43
2555 2891  58  34  43
2570 2903  58  36  42
2587 2916  58  36  42
2605 2929  58  35  42
2623 2940  59  35  41
2645 2948  61  34  41
2667 2957  60  34  40
2688 2965  59  34  40
2713 2973  59  34  42
2741 2979  59  36  42
2771 2984  59  36  42
2805 2989  54  35  42
2833 2995  41  35  42
2856 2998  20  35  42
% 
