% .SEGMENT LETTER ? ? "0"
% 
% .PEN_DOWN
1933 3058   9  36  45
1938 3062  12  36  45
1946 3072  13  36  45
1954 3080  14  36  45
1962 3087  14  36  46
1971 3092  16  36  47
1979 3096  20  36  47
1986 3101  25  37  47
1991 3103  27  37  45
1994 3103  30  37  45
1994 3103  37  37  45
1994 3101  43  37  45
1990 3099  48  37  45
1982 3090  48  37  45
1970 3078  48  37  46
1950 3059  51  37  46
1925 3039  52  39  45
1891 3017  53  39  45
1853 2993  53  39  45
1810 2961  53  39  45
1761 2921  53  39  45
1710 2878  53  40  45
1659 2835  53  40  45
1609 2800  53  41  44
1565 2769  53  41  44
1531 2744  53  41  44
1510 2726  51  41  44
1498 2716  50  41  44
1495 2716  49  41  47
1501 2720  51  41  45
1517 2734  50  41  45
1544 2754  52  41  45
1582 2778  53  41  45
1623 2803  53  36  45
1668 2828  53  37  46
1714 2853  53  37  46
1757 2876  53  37  45
1791 2890  53  37  45
1815 2899  53  37  43
1826 2899  53  39  44
1828 2891  53  39  44
1818 2875  53  38  44
1796 2848  56  40  42
1761 2819  57  38  42
1714 2786  58  38  42
1662 2743  58  40  42
1602 2699  58  40  42
1545 2653  58  39  42
1493 2613  58  39  42
1442 2582  58  40  42
1402 2555  58  40  43
1376 2537  58  38  43
1362 2527  58  38  42
1357 2528  61  38  42
1367 2540  60  38  43
1393 2561  59  38  43
1435 2593  59  38  43
1492 2637  61  38  43
1568 2693  62  38  43
1658 2751  60  38  43
1758 2814  59  38  43
1866 2879  59  36  43
1978 2936  59  36  43
2088 2988  59  36  43
2186 3036  59  35  44
2275 3076  59  35  44
2349 3112  59  35  45
2409 3138  56  35  45
2456 3157  52  35  46
2484 3167  46  35  46
2499 3172  35  36  46
2496 3173  20  36  46
% 
% .PEN_UP
2478 3170   0  36  47
2450 3163   0  35  47
2416 3154   0  35  46
2374 3141   0  35  46
2330 3126   0  35  45
2288 3112   0  35  45
2245 3096   0  35  42
2196 3076   0  34  42
2155 3065   0  34  45
2124 3053   0  34  40
2093 3038   0  34  40
2068 3030   0  34  40
2056 3026   0  34  40
2049 3024   0  38  40
2047 3018   0  38  40
2053 3023   0  31  40
2063 3027   0  31  40
2080 3030   0  29  40
2095 3031   0  29  38
2109 3032   0  29  39
2121 3028   0  29  39
2127 3024   0  36  39
2128 3024   0  36  39
% 
% .PEN_DOWN
2125 3019  31  37  39
2117 3013  30  37  39
2105 3002  30  37  39
2085 2990  29  37  39
2052 2972  29  35  39
2010 2947  29  35  41
1963 2912  31  35  42
1907 2873  35  35  42
1850 2833  39  37  42
1794 2795  44  37  42
1736 2755  49  39  44
1686 2713  51  39  44
1643 2672  52  39  44
1604 2640  53  39  43
1573 2615  51  37  43
1550 2594  50  40  43
1536 2582  49  40  43
1531 2577  49  40  43
1534 2574  49  39  43
1546 2576  49  39  43
1570 2589  51  39  43
1604 2608  52  39  43
1649 2641  53  39  43
1709 2685  56  39  43
1778 2730  57  37  43
1860 2777  58  37  43
1947 2822  58  37  43
2036 2872  58  37  44
2126 2914  58  37  44
2207 2950  61  35  46
2284 2980  60  35  46
2352 3003  59  35  46
2407 3025  59  35  46
2460 3042  61  35  45
2503 3057  60  32  45
2534 3071  59  32  43
2555 3077  54  32  43
2567 3080  46  32  41
2569 3081  35  32  41
2565 3077  22  32  42
% 
% .PEN_UP
2552 3069   0  32  42
2528 3061   0  32  42
2495 3050   0  32  42
2457 3036   0  32  39
2421 3025   0  32  39
2379 3010   0  32  39
2336 2997   0  39  39
2294 2974   0  39  39
2247 2956   0  39  39
2191 2947   0  39  39
2144 2919   0  40  39
2100 2893   0  40  43
2048 2872   0  37  38
2006 2841   0  37  38
1962 2806   0  37  38
1906 2790   0  37  33
1855 2777   0  33  33
1814 2740   0  33  37
1781 2709   0  34  35
1745 2691   0  34  35
1714 2664   0  38  35
1686 2646   0  38  35
1666 2630   0  38  35
1651 2612   0  38  35
1639 2596   0  38  35
1628 2591   0  38  35
1622 2588   0  37  35
1620 2590   0  37  35
1622 2592   0  36  35
1628 2589   0  36  35
1634 2596   0  36  35
1641 2598   0  36  35
1649 2602   0  36  35
1653 2602   0  36  35
1660 2606   0  36  35
1668 2609   0  36  35
1674 2610   0  42  35
1682 2611   0  42  35
1686 2612   0  44  35
1691 2612   0  44  35
1696 2617   0  45  35
1699 2617   0  45  34
1700 2617   0  43  34
1698 2617   0  43  34
1694 2613   0  42  34
1691 2610   0  42  34
1685 2602   0  46  34
1677 2591   0  46  34
1669 2582   0  44  34
1662 2572   0  44  34
1654 2567   0  44  34
% 
% .PEN_DOWN
1647 2563  20  44  40
1644 2560  27  44  40
1645 2557  30  44  43
1649 2560  32  44  43
1656 2565  33  44  44
1668 2573  36  44  44
1684 2586  37  44  44
1705 2600  38  43  44
1731 2618  38  43  44
1755 2640  39  40  44
1776 2664  39  40  42
1794 2684  39  40  42
1809 2702  39  41  42
1819 2716  41  41  42
1824 2725  42  41  42
1825 2731  45  41  42
1822 2736  47  41  41
1814 2737  50  43  41
1802 2732  52  43  41
1785 2723  53  43  41
1768 2706  53  43  42
1750 2690  51  42  41
1733 2674  52  42  41
1720 2658  53  42  41
1714 2645  53  42  41
1711 2635  53  42  41
1712 2627  51  42  39
1717 2623  50  42  37
1727 2622  52  42  37
1741 2625  50  43  37
1760 2632  49  43  39
1778 2645  51  43  39
1796 2659  52  43  40
1814 2679  50  43  40
1829 2697  49  43  41
1843 2714  49  44  41
1855 2729  49  41  41
1862 2740  51  41  41
1867 2747  52  41  41
1868 2752  55  40  41
1867 2753  57  40  41
1861 2748  58  43  41
1851 2741  58  43  41
1840 2729  58  42  41
1828 2714  58  43  41
1819 2699  58  43  41
1815 2687  58  43  42
1813 2677  58  43  42
1811 2669  58  43  41
1812 2664  58  43  41
1816 2663  58  43  41
1823 2668  59  42  41
1833 2677  59  42  42
1848 2689  59  43  42
1863 2705  59  43  42
1877 2721  59  41  42
1893 2734  59  39  42
1904 2745  59  39  42
1913 2755  59  39  41
1918 2757  59  39  41
1920 2760  61  40  40
1920 2762  60  38  40
1920 2763  59  38  40
1916 2762  59  40  40
1910 2758  54  40  40
1908 2755  46  41  41
1906 2755  35  41  41
1910 2756  25  41  41
1916 2761  17  40  41
1925 2767   8  40  41
% 
% .PEN_UP
1937 2775   0  40  41
1947 2785   0  40  41
1958 2796   0  40  41
1968 2807   0  40  41
1979 2820   0  40  41
% 
% .PEN_DOWN
1988 2833   9  40  41
1996 2844  14  40  41
2002 2853  22  39  41
2006 2860  33  39  41
2007 2863  41  40  41
2008 2866  47  40  41
2008 2867  53  41  41
2007 2867  56  41  41
2003 2865  57  41  41
1997 2858  58  41  40
1989 2847  58  41  40
1977 2833  58  41  41
1966 2815  58  41  41
1955 2796  58  41  41
1943 2780  56  41  41
1932 2764  57  41  41
1925 2749  58  41  41
1921 2738  58  41  41
1922 2733  58  41  41
1925 2729  56  41  41
1931 2733  57  40  41
1941 2740  58  40  41
1951 2750  58  40  41
1964 2763  56  40  41
1977 2775  57  42  41
1990 2788  55  42  41
2003 2798  54  42  41
2010 2806  54  42  41
2015 2808  54  42  41
2017 2809  56  42  41
2018 2808  57  40  41
2015 2804  58  40  41
2009 2796  58  41  41
2000 2787  58  41  41
1992 2777  58  41  41
1985 2767  58  41  40
1980 2760  58  40  40
1978 2755  58  40  40
1978 2750  56  40  40
1980 2749  55  40  38
1986 2749  49  38  38
1995 2753  39  38  40
2005 2761  27  38  42
2018 2769  13  38  42
% 
% .PEN_UP
2030 2779   0  37  42
2042 2789   0  37  42
2055 2803   0  37  42
2070 2813   0  37  42
2084 2824   0  37  42
2099 2837   0  37  41
2108 2841   0  37  41
2116 2845   0  37  42
2121 2843   0  37  42
2123 2843   0  37  42
2122 2842   0  39  42
% 
% .PEN_DOWN
2122 2843  24  39  40
2122 2844  29  39  41
2121 2847  31  39  41
2121 2850  35  39  41
2121 2856  37  39  39
2121 2859  38  39  39
2121 2865  38  39  40
2121 2870  39  39  40
2119 2875  39  39  40
2116 2879  39  39  40
2112 2880  39  39  40
2108 2877  41  39  42
2101 2869  42  39  42
2091 2858  43  39  42
2080 2843  43  39  42
2068 2830  46  40  42
2056 2819  47  40  42
2049 2808  48  40  42
2045 2801  48  40  42
2043 2796  48  40  42
2046 2791  48  40  42
2052 2789  48  40  42
2061 2791  48  40  42
2071 2799  48  41  42
2085 2803  48  41  42
2098 2817  51  41  40
2108 2826  50  41  40
2118 2833  49  41  40
2122 2839  49  40  39
2125 2841  51  40  39
2126 2840  55  40  40
2125 2838  57  40  40
2119 2834  58  40  39
2113 2824  58  40  39
2105 2813  58  40  39
2098 2803  58  40  39
2092 2800  58  40  39
2090 2797  58  40  39
2089 2793  53  40  39
2091 2791  46  40  39
2097 2789  38  40  39
2104 2794  23  40  39
% 
% .PEN_UP
2114 2799   0  40  39
2124 2806   0  40  39
2134 2816   0  40  39
2141 2827   0  39  39
2147 2838   0  41  39
2153 2845   0  41  39
2156 2850   0  41  41
2159 2850   0  43  41
2161 2845   0  45  44
2157 2840   0  45  44
2153 2840   0  45  41
% 
% .PEN_DOWN
2152 2840  33  43  41
2156 2839  36  43  41
2160 2841  37  42  41
2168 2845  38  43  41
2178 2851  38  43  41
2191 2858  41  43  41
2204 2867  42  42  41
2217 2874  43  42  43
2228 2884  43  40  41
2237 2891  44  40  41
2243 2895  44  40  41
2246 2902  44  40  40
2249 2906  44  40  40
2250 2911  44  40  40
2247 2917  44  40  40
2244 2920  44  40  43
2238 2918  44  40  42
2231 2916  44  40  42
2222 2907  44  39  42
2211 2899  44  39  41
2200 2888  46  38  41
2191 2875  47  38  40
2182 2862  48  38  40
2175 2850  48  38  41
2172 2838  48  40  41
2170 2830  48  40  40
2171 2824  44  40  40
2176 2819  36  40  40
2184 2820  30  39  40
2195 2825  20  39  40
% 
% .PEN_UP
2209 2834   0  38  40
2224 2843   0  38  39
2237 2857   0  38  39
2248 2875   0  38  40
2260 2892   0  38  40
2274 2908   0  40  40
2287 2924   0  40  40
2299 2936   0  40  41
2311 2944   0  41  41
2320 2950   0  41  44
2324 2951   0  38  44
% 
% .PEN_DOWN
2327 2951  12  38  44
2328 2952  18  39  44
2329 2952  21  39  45
2329 2952  25  39  45
2328 2951  27  39  45
2328 2950  30  39  45
2327 2951  32  39  43
2327 2950  33  39  42
2328 2950  33  39  44
2327 2951  34  37  44
2327 2950  34  37  42
2327 2950  34  38  42
2327 2950  34  38  42
2326 2948  34  36  42
2325 2951  34  37  41
2322 2952  34  37  41
2318 2951  34  37  41
2313 2949  34  36  41
2305 2946  34  36  41
2297 2939  34  39  41
2289 2930  34  39  41
2281 2921  34  38  41
2274 2911  34  38  40
2270 2902  34  38  40
2268 2894  34  38  40
2267 2889  34  38  40
2269 2887  34  38  42
2272 2884  34  38  43
2278 2886  34  38  43
2287 2891  34  39  43
2297 2901  34  39  43
2308 2911  34  38  43
2321 2923  34  37  43
2331 2935  34  37  43
2341 2945  34  37  44
2350 2955  34  36  44
2355 2963  36  36  44
2359 2966  40  36  44
2360 2966  44  36  44
2359 2967  49  37  44
2356 2964  51  37  44
2349 2956  55  36  44
2340 2944  54  36  44
2329 2928  56  36  44
2316 2912  57  36  43
2305 2894  58  37  43
2294 2874  58  36  42
2283 2858  58  36  42
2274 2841  61  36  40
2267 2824  60  36  40
2260 2809  59  36  40
2253 2798  59  36  40
2248 2790  59  36  40
2243 2784  59  36  40
2241 2780  54  36  40
2238 2775  46  36  40
2237 2772  35  36  38
2236 2773  22  36  38
% 
% .PEN_UP
2236 2775   0  36  39
2238 2779   0  37  39
2237 2790   0  37  39
2242 2801   0  37  39
2247 2816   0  37  39
2257 2837   0  37  39
2267 2854   0  37  37
2280 2873   0  44  37
2293 2890   0  44  37
2308 2903   0  43  37
2327 2914   0  43  43
2340 2928   0  43  43
2353 2940   0  38  45
2367 2948   0  38  45
2379 2961   0  38  48
2391 2972   0  38  48
2401 2984   0  38  48
2410 2996   0  38  48
2421 3006   0  38  48
2430 3011   0  38  48
2435 3019   0  38  48
2436 3022   0  38  48
% 
% .PEN_DOWN
2437 3024  45  38  48
2438 3025  47  38  48
2439 3024  50  38  48
2439 3023  54  38  48
2437 3020  56  38  48
2432 3013  57  38  48
2425 3002  60  38  48
2415 2988  59  38  48
2407 2976  59  38  44
2400 2965  61  38  44
2393 2953  62  38  42
2390 2946  60  36  42
2389 2938  59  35  42
2390 2934  59  35  42
2393 2932  61  35  41
2399 2934  62  35  42
2409 2943  63  35  41
2423 2952  61  35  41
2441 2964  62  35  42
2460 2974  63  35  42
2478 2983  61  34  42
2501 2993  62  34  42
2523 3000  60  34  42
2544 3005  59  34  42
2564 3007  59  34  42
2580 3010  59  33  42
2595 3012  51  33  42
2608 3013  40  36  42
2621 3014  20  34  42
% 
