% .SEGMENT LETTER ? ? "0"
% 
% .PEN_DOWN
1792 3046   2  39  48
1794 3047   3  39  47
1797 3051   4  39  47
1799 3054   6  39  45
1802 3056  10  39  45
1803 3057  15  39  46
1805 3058  19  39  46
1806 3058  22  39  47
1806 3060  25  39  47
1806 3061  30  39  47
1808 3059  32  39  47
1808 3059  35  39  47
1807 3058  37  39  47
1807 3057  38  39  47
1804 3055  41  39  47
1801 3046  42  39  46
1793 3035  43  39  46
1780 3021  43  39  46
1758 3001  44  41  46
1731 2983  46  41  46
1699 2956  45  39  46
1665 2919  47  39  46
1625 2879  48  39  46
1580 2839  48  39  46
1536 2800  48  39  46
1497 2761  48  39  45
1459 2723  48  39  45
1426 2688  48  39  45
1399 2660  48  40  45
1381 2640  48  40  45
1370 2631  48  38  45
1365 2626  48  38  45
1367 2630  49  38  45
1378 2642  49  38  46
1397 2664  49  36  44
1421 2691  49  36  45
1448 2718  49  36  45
1476 2741  49  36  44
1501 2759  49  39  44
1524 2777  49  39  44
1544 2788  49  39  44
1557 2791  46  39  44
1564 2794  45  39  44
1563 2792  44  41  44
1556 2784  44  41  44
1541 2769  44  41  45
1520 2749  44  41  43
1494 2717  44  41  45
1462 2684  44  39  45
1425 2651  44  39  43
1392 2620  44  40  43
1368 2594  44  40  43
1347 2569  46  40  43
1331 2552  47  40  45
1321 2539  48  37  45
1319 2534  46  37  45
1321 2531  47  37  46
1330 2536  48  37  46
1349 2550  48  39  46
1380 2576  48  39  46
1422 2604  48  36  46
1474 2651  48  36  46
1544 2708  48  35  46
1621 2764  48  35  46
1705 2824  51  35  46
1793 2883  52  35  46
1880 2936  50  35  46
1963 2981  52  33  46
2040 3020  50  35  46
2112 3055  49  35  46
2175 3084  47  33  46
2224 3108  40  33  45
2260 3125  35  31  46
2287 3133  27  31  46
2303 3137  18  31  46
2308 3136   9  31  45
% 
% .PEN_UP
2305 3131   0  34  45
2294 3123   0  34  45
2277 3115   0  34  45
2256 3106   0  34  47
2234 3096   0  31  47
2210 3088   0  31  47
2184 3085   0  34  49
2159 3084   0  34  49
2133 3078   0  34  49
2112 3083   0  34  49
2090 3071   0  28  49
2065 3070   0  30  41
2038 3061   0  30  41
2018 3053   0  30  38
1999 3043   0  36  38
1976 3028   0  27  38
1944 3021   0  27  38
1917 2999   0  27  40
1884 2986   0  36  40
1863 2971   0  36  50
1840 2956   0  36  50
1823 2942   0  36  48
1815 2928   0  36  48
1808 2914   0  36  51
1807 2907   0  36  51
1810 2904   0  37  50
1816 2906   0  37  50
1824 2915   0  37  46
1835 2923   0  36  46
1849 2929   0  36  44
1861 2937   0  40  46
1872 2941   0  40  46
1877 2945   0  40  46
1880 2944   0  40  47
% 
% .PEN_DOWN
1879 2942  18  38  45
1875 2939  18  38  45
1866 2929  19  38  45
1854 2915  19  38  45
1838 2898  21  37  45
1818 2876  25  37  43
1790 2848  27  38  43
1757 2817  28  38  43
1717 2787  31  37  44
1674 2749  35  37  44
1627 2703  37  39  44
1576 2657  38  39  44
1531 2615  41  39  44
1496 2580  40  39  44
1465 2548  42  38  45
1441 2519  40  38  45
1422 2499  40  36  45
1412 2484  39  36  46
1408 2476  39  38  46
1412 2476  39  39  46
1424 2486  41  39  46
1442 2504  43  39  47
1468 2531  43  39  47
1506 2563  43  36  47
1559 2604  44  36  47
1619 2661  44  36  48
1692 2717  46  35  47
1772 2776  47  35  48
1858 2836  48  35  48
1950 2894  48  35  47
2037 2948  48  35  47
2127 2994  48  35  46
2207 3034  46  34  48
2281 3070  42  34  48
2346 3103  36  34  48
2398 3132  30  34  47
2441 3151  24  35  47
2472 3164  14  35  47
% 
% .PEN_UP
2491 3171   0  34  47
2496 3175   0  34  47
2489 3175   0  35  47
2472 3172   0  35  48
2449 3165   0  35  48
2421 3157   0  35  46
2387 3147   0  34  46
2350 3138   0  34  44
2313 3121   0  34  44
2278 3096   0  33  35
2230 3084   0  33  35
2188 3060   0  33  35
2137 3040   0  27  35
2087 3011   0  27  35
1813 2809   0  39  43
1784 2789   0  39  43
1756 2776   0  36  43
1724 2750   0  36  49
1696 2725   0  42  48
1679 2704   0  42  48
1662 2687   0  42  48
1650 2669   0  42  44
1638 2653   0  42  44
1630 2645   0  42  43
1628 2635   0  42  43
1623 2623   0  42  43
1621 2616   0  35  43
1621 2608   0  35  43
1623 2604   0  35  43
1618 2602   0  35  43
1617 2598   0  35  43
1613 2590   0  35  43
1610 2589   0  37  43
1608 2588   0  38  43
1605 2587   0  38  43
1602 2587   0  38  43
1601 2584   0  39  43
1598 2585   0  39  43
1595 2586   0  41  43
1593 2584   0  41  43
1591 2583   0  42  43
1586 2582   0  42  43
1583 2581   0  40  43
1580 2581   0  40  43
1576 2579   0  44  43
1571 2575   0  44  43
1568 2568   0  42  43
1561 2557   0  42  44
1554 2548   0  42  44
1545 2542   0  42  45
% 
% .PEN_DOWN
1539 2535  19  43  45
1535 2532  22  43  45
1536 2531  20  44  45
1538 2532  22  44  45
1544 2535  23  43  45
1554 2543  26  42  43
1569 2555  28  42  43
1588 2567  28  42  43
1606 2582  29  42  43
1624 2597  29  42  43
1641 2611  29  42  43
1654 2626  29  41  42
1666 2641  29  41  42
1677 2656  29  41  42
1684 2669  29  41  42
1687 2679  31  41  44
1688 2684  33  41  45
1686 2691  36  41  45
1682 2692  37  43  45
1673 2687  35  43  42
1662 2675  35  43  42
1650 2656  34  43  42
1637 2634  34  43  42
1621 2613  34  42  42
1611 2594  34  44  42
1601 2580  34  44  42
1595 2567  34  42  42
1594 2560  34  42  41
1598 2555  34  40  41
1605 2556  34  40  41
1616 2559  34  40  41
1630 2571  34  40  41
1647 2586  34  42  41
1665 2606  34  42  41
1687 2628  31  42  41
1709 2654  33  42  42
1727 2680  33  41  44
1743 2702  33  41  44
1754 2720  34  39  44
1762 2733  34  39  44
1766 2739  36  39  44
1766 2740  37  40  44
1764 2738  38  40  44
1757 2729  38  40  45
1747 2716  39  41  45
1735 2699  39  43  45
1722 2680  39  43  45
1710 2662  39  43  45
1704 2649  39  44  42
1701 2639  39  44  43
1701 2633  39  45  43
1705 2632  39  45  42
1712 2635  39  43  42
1722 2646  39  44  43
1736 2659  39  44  43
1748 2675  39  44  43
1762 2692  39  43  43
1776 2709  36  43  44
1786 2726  38  43  44
1794 2737  38  43  44
1801 2745  36  43  44
1804 2749  30  43  46
1806 2753  22  43  47
1807 2755  11  43  47
% 
% .PEN_UP
1809 2759   0  43  47
1811 2763   0  43  46
1811 2769   0  43  46
1815 2775   0  45  46
1819 2782   0  45  46
1829 2791   0  45  46
1839 2801   0  42  46
1853 2813   0  39  42
1866 2825   0  39  42
1882 2836   0  39  42
1894 2845   0  38  42
1905 2852   0  40  41
1910 2858   0  40  41
% 
% .PEN_DOWN
1911 2861  23  40  43
1913 2862  31  39  43
1913 2862  35  39  43
1911 2857  37  38  44
1905 2848  38  38  44
1895 2834  38  39  44
1884 2820  41  39  44
1873 2804  40  40  44
1862 2790  39  41  44
1851 2777  39  41  44
1844 2764  39  41  42
1839 2752  39  43  42
1836 2742  39  43  43
1834 2733  36  42  44
1833 2729  35  42  44
1836 2726  32  42  44
1838 2728  31  42  44
1844 2734  30  44  44
1853 2744  29  41  44
1865 2757  29  41  44
1878 2772  29  41  44
1893 2784  29  41  44
1905 2797  27  41  44
1915 2803  28  39  44
1921 2807  28  39  44
1923 2810  29  39  44
1925 2813  34  39  44
1925 2811  36  38  44
1920 2805  37  38  44
1913 2796  38  39  44
1902 2783  38  39  44
1893 2772  39  41  44
1886 2760  39  42  43
1881 2751  39  42  43
1879 2743  39  42  44
1879 2739  34  41  44
1882 2738  26  41  44
1887 2738  20  42  44
1897 2746  10  42  44
% 
% .PEN_UP
1908 2757   0  42  44
1921 2767   0  42  44
1935 2780   0  42  44
1948 2796   0  42  44
1959 2809   0  42  44
1970 2821   0  42  44
1981 2831   0  42  44
1992 2840   0  42  43
2001 2844   0  40  43
2005 2847   0  41  44
2008 2851   0  41  44
2008 2852   0  41  44
% 
% .PEN_DOWN
2010 2855  20  41  44
2010 2859  22  42  44
2011 2862  26  42  44
2011 2865  27  42  46
2011 2871  28  42  44
2010 2874  31  42  44
2008 2876  32  42  44
2003 2878  33  42  44
1998 2874  31  41  44
1991 2865  30  41  46
1980 2855  30  41  46
1971 2843  29  41  45
1961 2831  32  41  45
1953 2817  33  41  45
1946 2804  33  41  45
1941 2795  33  41  45
1940 2788  34  41  45
1940 2784  34  41  45
1942 2781  34  41  45
1946 2783  34  41  45
1953 2786  36  41  45
1962 2793  37  41  45
1975 2800  38  39  45
1987 2812  38  39  45
1998 2820  36  38  45
2008 2829  37  38  45
2014 2835  38  38  45
2017 2837  38  38  45
2019 2839  41  39  45
2018 2836  45  39  43
2013 2831  47  38  43
2006 2825  48  38  43
1998 2816  48  39  43
1990 2806  48  39  43
1984 2799  48  40  43
1980 2793  46  40  43
1979 2787  45  40  43
1978 2785  39  40  43
1980 2783  34  40  43
1984 2785  29  41  43
1989 2788  22  41  43
1999 2793  11  41  43
% 
% .PEN_UP
2009 2800   0  40  43
2019 2806   0  40  43
2030 2820   0  42  45
2038 2835   0  42  45
2051 2855   0  40  45
2062 2875   0  40  46
2069 2893   0  40  46
2078 2902   0  40  49
2087 2908   0  40  49
2093 2910   0  40  49
2097 2905   0  40  49
2095 2895   0  40  46
2092 2888   0  40  46
2088 2886   0  40  45
% 
% .PEN_DOWN
2084 2883  27  41  44
2085 2882  28  41  44
2087 2880  28  41  44
2089 2880  29  41  45
2094 2882  31  41  45
2099 2891  32  41  45
2110 2899  33  41  45
2119 2908  33  41  45
2128 2919  34  41  45
2136 2928  34  41  45
2143 2936  34  41  44
2148 2943  34  41  44
2150 2950  36  39  44
2149 2958  35  39  46
2147 2965  37  39  46
2143 2966  38  40  46
2138 2968  38  40  46
2133 2965  39  40  47
2125 2958  39  40  47
2115 2949  39  40  45
2107 2933  39  40  45
2100 2921  39  40  45
2096 2908  36  40  45
2092 2895  37  40  44
2092 2888  36  40  44
2094 2879  35  40  44
2098 2875  34  40  44
2105 2879  32  40  44
2114 2883  28  40  44
2125 2892  23  42  45
2138 2902  16  41  45
2151 2914  10  41  47
2166 2926   5  42  47
% 
% .PEN_UP
2180 2938   0  42  48
2191 2948   0  41  48
2201 2957   0  41  48
2209 2963   0  39  48
% 
% .PEN_DOWN
2214 2968   6  39  46
2217 2970  12  38  46
2217 2972  18  39  46
2218 2972  24  39  46
2219 2973  26  39  47
2219 2973  28  40  47
2218 2973  28  40  47
2218 2971  26  40  47
2218 2971  28  41  47
2219 2970  28  41  47
2220 2969  26  41  47
2222 2969  28  39  47
2225 2970  28  38  45
2228 2971  29  38  45
2232 2973  29  38  44
2237 2976  29  38  44
2242 2981  29  38  44
2247 2983  29  38  44
2251 2988  29  38  44
2253 2991  29  38  44
2255 2997  29  38  44
2255 3000  31  38  44
2254 3003  30  38  44
2249 3000  30  38  44
2240 2998  29  38  44
2230 2993  32  38  44
2218 2986  30  38  44
2203 2976  32  39  44
2190 2965  33  39  44
2181 2955  33  39  44
2177 2947  34  39  44
2175 2939  34  39  44
2175 2935  34  39  44
2180 2933  34  39  44
2186 2935  34  38  44
2195 2939  36  38  44
2207 2946  37  38  44
2218 2955  38  38  44
2232 2965  38  38  43
2243 2975  39  38  43
2252 2983  39  38  43
2260 2988  39  38  43
2265 2995  39  38  43
2269 2996  39  38  43
2268 2995  41  38  43
2264 2990  42  38  43
2258 2982  43  38  43
2246 2969  43  38  43
2229 2950  46  38  44
2206 2924  47  38  44
2176 2894  48  38  44
2148 2861  48  38  44
2119 2826  48  38  44
2093 2801  48  40  44
2069 2776  48  40  44
2051 2756  48  39  44
2040 2740  48  39  44
2034 2730  44  41  44
2032 2725  39  41  43
2035 2726  31  40  43
2046 2732  23  40  42
2064 2749  14  39  42
% 
% .PEN_UP
2086 2768   0  39  42
2111 2796   0  40  42
2136 2826   0  40  42
2165 2864   0  38  42
2196 2912   0  38  45
2221 2952   0  38  45
2245 2984   0  38  45
2266 3005   0  41  45
2286 3025   0  41  42
2308 3040   0  38  42
2325 3050   0  37  43
2338 3058   0  37  43
2346 3066   0  37  44
2350 3070   0  37  44
% 
% .PEN_DOWN
2356 3073  24  37  43
2360 3077  24  37  43
2361 3077  27  37  45
2362 3075  33  37  46
2357 3070  36  37  46
2350 3058  37  38  46
2340 3043  38  38  46
2328 3028  41  38  46
2318 3014  42  38  46
2309 3002  43  38  46
2305 2994  43  38  46
2304 2988  44  38  46
2306 2984  46  38  46
2312 2981  47  36  46
2325 2982  48  36  46
2345 2990  48  36  46
2369 3000  48  36  46
2393 3012  48  36  46
2416 3023  48  36  46
2440 3033  51  35  45
2465 3043  52  35  45
2490 3052  50  34  45
2514 3056  47  34  45
2533 3061  36  34  45
% 
