% .SEGMENT LETTER ? ? "0"
% 
% .PEN_DOWN
1911 3061   7  38  45
1915 3066  11  38  45
1920 3073  12  38  46
1925 3078  16  38  46
1929 3082  17  38  46
1932 3085  21  38  46
1932 3084  25  38  46
1932 3085  27  38  46
1930 3083  30  39  47
1925 3075  32  39  47
1912 3063  33  39  46
1893 3048  33  39  46
1869 3029  34  39  46
1842 3006  36  39  47
1810 2980  37  39  47
1772 2947  38  39  47
1725 2911  38  39  45
1678 2868  39  39  45
1630 2827  39  41  45
1581 2792  39  41  45
1539 2760  41  41  45
1504 2726  42  38  45
1478 2705  43  38  44
1460 2691  43  37  44
1451 2684  44  37  43
1454 2686  44  37  43
1465 2701  44  37  44
1486 2719  44  37  44
1519 2743  44  37  42
1563 2770  44  36  42
1607 2796  44  36  42
1655 2824  44  37  42
1701 2850  44  37  42
1742 2871  44  37  42
1771 2886  44  37  44
1790 2892  44  37  44
1797 2893  44  37  43
1795 2879  44  37  43
1779 2858  44  37  44
1748 2832  44  38  44
1705 2803  44  38  44
1656 2766  44  40  44
1600 2723  44  40  43
1544 2679  46  40  43
1497 2640  50  39  43
1452 2608  52  39  43
1416 2584  53  39  43
1392 2568  51  40  43
1379 2560  52  40  45
1376 2561  53  41  45
1386 2569  56  41  45
1410 2588  55  39  45
1445 2612  54  39  45
1492 2651  56  39  45
1558 2699  57  39  44
1632 2749  58  39  44
1716 2798  58  39  46
1802 2853  58  37  46
1890 2906  58  34  45
1978 2950  58  34  45
2056 2989  58  34  45
2131 3020  58  33  45
2193 3047  56  33  44
2240 3071  52  35  44
2278 3087  45  35  45
2304 3096  35  33  45
2320 3099  20  33  45
% 
% .PEN_UP
2325 3099   0  31  45
2321 3099   0  31  45
2309 3094   0  35  45
2296 3091   0  35  45
2277 3087   0  35  45
2256 3084   0  35  45
2235 3074   0  34  45
2212 3071   0  34  39
2186 3059   0  37  39
2158 3051   0  37  32
2140 3046   0  37  32
2123 3038   0  37  32
2103 3033   0  30  32
2093 3025   0  30  32
2080 3021   0  32  32
2073 3013   0  32  32
2064 3008   0  29  32
2061 3011   0  29  32
2062 3010   0  31  32
2066 3007   0  31  32
2073 3006   0  33  32
2078 3005   0  33  32
2081 3005   0  33  32
2082 3003   0  33  32
2081 3001   0  36  32
% 
% .PEN_DOWN
2076 2996  20  36  32
2070 2990  15  37  32
2057 2979  10  38  40
2034 2964   7  38  40
2009 2945  11  38  42
1979 2921  17  38  42
1946 2894  23  38  45
1905 2862  28  38  45
1860 2830  34  38  45
1815 2797  36  38  45
1767 2763  37  38  45
1718 2727  38  38  45
1675 2686  41  37  43
1637 2650  42  37  43
1596 2621  43  37  43
1563 2597  46  38  43
1541 2581  47  38  43
1527 2574  48  40  43
1521 2572  48  40  43
1525 2572  48  39  43
1542 2581  51  39  43
1572 2601  52  36  42
1612 2626  53  36  42
1663 2664  53  37  42
1729 2709  53  37  43
1807 2753  56  35  43
1889 2798  55  33  42
1979 2846  57  33  42
2068 2895  55  33  43
2159 2940  54  33  45
2243 2979  56  33  43
2324 3011  57  33  43
2394 3047  55  33  45
2462 3077  52  31  45
2516 3103  45  31  45
2557 3120  37  32  45
2585 3132  23  32  45
% 
% .PEN_UP
2599 3134   0  31  45
2600 3133   0  31  43
2588 3126   0  31  43
2565 3111   0  31  44
2533 3098   0  35  44
2494 3083   0  35  45
2453 3062   0  35  45
2411 3041   0  35  45
2363 3023   0  37  45
2323 3010   0  37  45
2284 2991   0  37  51
2237 2980   0  37  51
2194 2966   0  43  51
2000 2861   0  44  28
1967 2845   0  44  28
1939 2822   0  44  28
1895 2795   0  44  28
1862 2776   0  44  39
1829 2754   0  44  39
1803 2735   0  44  40
1773 2711   0  39  40
1749 2686   0  44  43
1728 2664   0  44  43
1713 2648   0  44  39
1700 2638   0  43  39
1693 2633   0  43  37
1688 2630   0  45  35
1688 2628   0  45  35
1692 2632   0  47  35
1697 2634   0  47  35
1704 2636   0  42  35
1709 2634   0  40  35
1715 2635   0  40  35
1719 2635   0  40  37
1722 2634   0  41  37
1722 2631   0  41  36
1721 2627   0  43  36
1718 2624   0  43  37
1714 2616   0  43  37
1708 2614   0  43  37
1699 2612   0  42  37
% 
% .PEN_DOWN
1693 2610  18  41  37
1689 2610  18  41  37
1687 2611  19  41  37
1685 2610  21  41  38
1687 2609  23  41  37
1691 2613  26  41  37
1701 2621  27  41  38
1717 2634  31  40  41
1739 2652  30  40  40
1761 2671  29  40  40
1782 2690  32  40  41
1799 2708  33  42  41
1813 2723  33  42  41
1824 2732  31  41  41
1831 2740  32  41  41
1834 2745  33  43  41
1834 2748  33  43  41
1831 2750  34  42  41
1825 2748  34  42  41
1815 2741  34  42  41
1802 2729  34  42  41
1788 2714  36  40  42
1773 2696  35  40  42
1758 2679  34  42  42
1746 2662  37  42  42
1738 2648  38  42  42
1734 2638  36  42  40
1736 2630  35  43  39
1743 2625  34  43  39
1753 2626  36  40  39
1769 2633  38  40  40
1786 2646  36  40  42
1808 2666  37  40  42
1832 2686  38  41  42
1858 2710  38  41  42
1880 2732  39  43  42
1901 2753  39  43  42
1917 2768  39  43  42
1926 2778  39  43  42
1931 2782  41  43  42
1930 2783  45  43  42
1926 2780  47  42  41
1917 2774  48  42  41
1902 2762  48  41  41
1888 2749  48  41  41
1873 2735  48  42  41
1859 2721  48  43  42
1852 2712  48  43  42
1851 2707  48  43  42
1853 2705  46  44  42
1858 2705  47  42  42
1869 2715  48  42  42
1885 2725  48  42  42
1901 2742  48  40  41
1919 2757  48  40  41
1934 2769  46  40  41
1947 2781  47  40  41
1956 2787  48  40  41
1963 2793  46  40  41
1966 2796  45  40  41
1968 2798  44  40  41
1969 2797  44  40  41
1968 2797  39  40  41
1967 2795  31  40  41
1966 2791  18  40  41
% 
% .PEN_UP
1966 2789   0  40  41
1966 2788   0  40  41
1967 2790   0  40  41
1972 2800   0  40  41
1980 2812   0  44  42
1991 2828   0  44  42
2003 2843   0  42  42
2020 2863   0  42  42
2037 2883   0  43  44
2052 2902   0  43  44
2062 2916   0  41  44
2070 2926   0  41  46
2078 2929   0  41  46
2082 2930   0  39  46
2082 2932   0  39  46
% 
% .PEN_DOWN
2081 2932  36  39  43
2081 2931  40  40  43
2081 2927  42  40  44
2079 2919  43  39  44
2074 2907  43  40  44
2066 2892  44  40  44
2056 2873  44  40  42
2043 2850  44  37  42
2027 2827  44  39  42
2011 2806  44  39  42
1995 2791  44  39  42
1983 2779  44  39  41
1976 2769  44  39  41
1971 2763  44  39  41
1970 2759  44  39  41
1973 2757  44  40  41
1979 2762  44  40  38
1992 2771  44  40  38
2009 2784  41  40  38
2027 2800  43  40  38
2047 2814  43  40  40
2065 2832  43  39  41
2080 2848  41  39  41
2091 2857  42  39  41
2097 2863  43  39  40
2100 2866  43  39  41
2100 2865  44  39  41
2098 2861  44  39  41
2093 2850  46  40  41
2085 2835  45  39  41
2077 2821  44  39  41
2069 2811  46  40  41
2063 2801  47  40  41
2059 2796  46  40  41
2058 2790  42  40  41
2061 2788  36  39  41
2066 2791  25  39  41
2076 2795  12  39  41
% 
% .PEN_UP
2088 2802   0  39  41
2100 2813   0  39  41
2112 2822   0  39  40
2123 2834   0  40  40
2138 2849   0  40  41
2155 2863   0  38  41
2171 2875   0  37  43
2183 2883   0  37  43
2194 2888   0  37  43
2197 2892   0  39  43
2199 2895   0  40  41
% 
% .PEN_DOWN
2202 2897  22  40  41
2203 2900  23  40  40
2201 2905  23  40  42
2199 2909  26  40  41
2196 2915  28  38  41
2192 2919  28  38  42
2187 2922  29  40  42
2181 2925  29  41  42
2172 2927  29  41  42
2164 2925  29  41  42
2153 2918  29  41  42
2139 2906  29  41  42
2126 2889  29  41  44
2112 2871  31  41  44
2100 2855  33  41  44
2094 2838  33  41  44
2089 2827  33  41  44
2088 2819  34  41  44
2091 2813  34  41  44
2096 2810  34  41  44
2104 2816  36  41  44
2118 2822  37  41  43
2134 2833  38  41  43
2152 2845  38  41  40
2169 2857  39  40  40
2183 2869  39  40  40
2194 2876  39  40  42
2200 2881  39  40  42
2202 2883  41  39  42
2199 2883  45  39  41
2192 2880  47  39  39
2181 2871  48  39  39
2167 2859  48  40  39
2153 2848  46  39  41
2145 2838  47  41  41
2140 2828  45  41  41
2138 2821  42  39  41
2140 2815  36  39  41
2146 2816  27  38  41
2156 2820  16  38  41
% 
% .PEN_UP
2170 2825   0  37  41
2183 2835   0  37  40
2196 2848   0  35  40
2210 2862   0  35  41
2220 2873   0  35  41
2227 2884   0  35  41
2233 2892   0  35  41
2236 2892   0  35  41
2237 2887   0  35  41
2235 2884   0  36  43
2231 2880   0  36  43
2227 2880   0  36  41
% 
% .PEN_DOWN
2225 2880  33  37  41
2226 2880  33  38  41
2228 2881  36  38  41
2232 2886  37  38  42
2242 2893  41  38  43
2252 2903  42  38  42
2262 2913  43  38  42
2273 2922  43  38  43
2284 2928  44  35  43
2292 2936  44  36  44
2298 2942  44  36  44
2303 2946  44  36  44
2305 2952  44  37  43
2304 2954  44  37  42
2303 2956  44  35  42
2300 2960  44  35  43
2296 2961  44  38  43
2290 2958  44  38  44
2282 2951  44  38  44
2274 2941  44  38  42
2265 2927  44  38  42
2258 2917  44  38  41
2252 2906  44  38  40
2248 2896  44  38  40
2246 2888  44  38  40
2246 2880  44  38  40
2248 2875  44  38  41
2252 2871  39  38  41
2258 2876  34  38  41
2269 2884  22  40  42
% 
% .PEN_UP
2283 2893   0  40  42
2297 2908   0  40  42
2313 2921   0  40  42
2328 2934   0  40  42
2341 2947   0  38  44
2355 2957   0  38  44
2367 2963   0  38  44
2374 2968   0  38  47
2378 2969   0  36  44
2381 2968   0  36  44
2382 2968   0  37  44
% 
% .PEN_DOWN
2381 2968  14  37  44
2382 2968  17  36  44
2383 2969  18  37  46
2382 2969  21  37  46
2383 2969  20  37  45
2384 2970  22  35  45
2386 2972  23  35  46
2390 2974  23  35  46
2394 2976  24  35  45
2397 2980  24  35  45
2401 2983  24  35  45
2403 2986  24  35  45
2404 2990  24  35  45
2405 2992  24  35  45
2403 2996  26  35  45
2396 2995  28  35  45
2387 2994  28  35  45
2375 2989  29  36  42
2360 2982  31  36  42
2345 2972  32  37  42
2333 2961  33  37  43
2324 2950  33  38  43
2318 2940  36  38  42
2315 2932  35  38  42
2315 2923  34  38  42
2316 2920  34  38  42
2325 2918  34  39  42
2336 2922  34  39  42
2350 2927  31  39  44
2364 2937  33  36  45
2378 2948  33  36  42
2391 2960  33  36  42
2401 2970  31  36  45
2410 2978  32  36  45
2416 2985  33  36  45
2418 2988  38  36  45
2419 2986  43  36  45
2420 2985  46  36  45
2415 2982  47  36  44
2405 2970  48  36  44
2391 2953  48  36  42
2371 2928  51  38  42
2344 2899  50  38  41
2314 2871  52  37  41
2287 2839  53  37  41
2260 2809  53  38  41
2237 2789  53  38  41
2217 2769  53  37  41
2203 2754  53  37  41
2195 2747  51  38  41
2194 2742  47  38  41
2195 2739  41  39  41
2205 2743  35  39  41
2221 2753  29  39  41
2241 2770  19  39  41
% 
% .PEN_UP
2264 2791   0  40  40
2289 2816   0  40  40
2317 2849   0  38  40
2342 2883   0  38  44
2367 2921   0  36  44
2389 2952   0  36  44
2407 2976   0  36  44
2421 2992   0  36  44
2435 3003   0  37  44
2445 3014   0  37  44
2453 3024   0  38  43
% 
% .PEN_DOWN
2460 3031   9  38  43
2469 3039  12  38  43
2476 3043  15  37  42
2479 3044  22  37  42
2480 3043  28  37  42
2475 3036  33  37  42
2466 3026  36  37  42
2456 3015  40  37  42
2444 3001  44  37  42
2436 2989  46  37  42
2427 2977  47  37  43
2421 2970  48  37  42
2420 2962  48  37  42
2421 2956  48  37  42
2424 2951  51  36  41
2431 2951  52  37  41
2442 2954  53  37  43
2459 2961  53  36  43
2480 2969  53  36  41
2503 2977  53  33  41
2526 2986  53  33  41
2552 2996  53  33  41
2579 3007  53  33  41
2605 3015  53  32  41
2630 3021  56  33  41
2650 3027  52  33  41
2666 3031  46  33  40
2679 3035  35  34  40
2688 3037  17  34  39
% 
