% .SEGMENT LETTER ? ? "0"
% 
% .PEN_DOWN
2011 3150   8  39  44
2016 3152   9  39  44
2022 3155  11  39  45
2029 3157  13  39  45
2036 3160  16  38  45
2042 3164  20  38  44
2045 3166  24  37  44
2050 3167  29  37  42
2052 3168  34  37  42
2053 3168  36  37  42
2055 3167  40  37  42
2050 3165  42  38  44
2041 3158  45  38  44
2028 3146  47  38  44
2010 3131  50  39  44
1989 3110  52  39  45
1963 3083  55  39  45
1932 3055  57  39  45
1894 3026  58  40  45
1855 2995  58  40  42
1813 2959  58  41  42
1770 2920  58  39  42
1724 2879  61  39  42
1684 2843  62  39  42
1646 2810  60  40  42
1614 2786  59  40  43
1588 2768  59  40  43
1573 2758  59  40  45
1565 2753  59  39  45
1569 2759  59  39  42
1586 2772  59  37  42
1612 2793  59  37  42
1641 2819  59  37  42
1678 2851  59  37  44
1721 2883  59  37  44
1761 2915  59  37  44
1796 2940  59  37  43
1824 2956  59  37  43
1842 2964  56  38  43
1850 2964  57  38  45
1848 2957  55  40  45
1834 2938  57  40  45
1810 2907  58  40  45
1773 2868  56  40  43
1727 2827  57  40  43
1677 2781  58  40  43
1625 2734  58  40  44
1571 2686  58  40  44
1524 2640  58  40  44
1485 2605  58  40  44
1452 2578  58  40  44
1427 2559  58  40  44
1414 2549  58  37  44
1409 2547  58  37  42
1416 2553  61  37  42
1431 2566  62  37  42
1456 2591  60  37  42
1491 2627  62  37  42
1544 2678  63  35  42
1607 2732  61  35  42
1686 2798  60  35  43
1779 2869  59  35  43
1877 2935  59  36  43
1984 2998  59  36  45
2088 3059  59  34  45
2181 3113  59  33  44
2265 3154  59  33  44
2333 3185  59  33  44
2385 3208  59  33  44
2425 3226  56  32  43
2453 3236  47  32  43
2469 3237  36  32  45
2471 3234  22  33  45
% 
% .PEN_UP
2462 3227   0  33  45
2443 3219   0  33  45
2421 3208   0  35  45
2391 3199   0  35  45
2360 3190   0  35  43
2329 3181   0  33  43
2306 3176   0  33  44
2283 3168   0  33  44
2266 3162   0  33  43
2252 3163   0  29  43
2246 3161   0  29  43
2235 3160   0  27  43
2222 3165   0  25  41
2224 3163   0  25  41
2229 3164   0  25  49
2230 3169   0  29  49
2228 3172   0  29  43
2230 3170   0  26  43
2236 3168   0  26  44
2239 3166   0  26  44
2244 3165   0  26  43
2245 3158   0  26  43
2247 3154   0  26  43
2248 3146   0  26  43
2248 3138   0  30  42
2242 3138   0  30  42
% 
% .PEN_DOWN
2233 3132  40  30  45
2226 3123  39  32  45
2221 3114  34  32  45
2212 3101  27  34  45
2197 3085  20  34  45
2175 3068  20  34  45
2150 3049  27  34  45
2121 3027  35  34  45
2084 3004  44  34  45
2042 2978  49  34  45
1999 2946  51  34  45
1949 2905  55  35  45
1894 2863  54  35  45
1839 2820  56  35  45
1780 2778  57  35  46
1723 2732  58  38  45
1670 2684  58  38  45
1624 2643  58  37  45
1583 2611  58  37  45
1553 2586  58  39  45
1536 2572  58  39  45
1530 2566  58  38  45
1534 2565  58  38  45
1550 2573  58  37  45
1579 2592  61  37  45
1619 2625  62  37  43
1670 2672  60  37  43
1735 2725  59  37  43
1813 2784  59  35  44
1899 2849  61  37  44
1997 2917  60  37  44
2102 2978  59  35  44
2203 3038  59  35  45
2303 3093  59  35  45
2393 3138  59  35  42
2476 3171  56  35  42
2542 3199  52  35  42
2592 3216  46  33  42
2629 3227  40  33  40
2650 3229  29  33  40
% 
% .PEN_UP
2653 3228   0  33  40
2640 3223   0  34  40
2614 3215   0  34  40
2579 3205   0  35  40
2536 3195   0  35  40
2486 3183   0  36  40
2441 3168   0  36  45
2394 3150   0  34  45
2349 3133   0  34  43
2310 3115   0  34  33
2277 3093   0  34  33
2230 3073   0  33  33
2191 3056   0  33  28
2148 3039   0  33  28
1951 2820   0  33  33
1925 2790   0  33  33
1892 2774   0  33  36
1862 2756   0  36  33
1838 2733   0  36  33
1820 2714   0  36  33
1806 2688   0  36  33
1793 2673   0  36  33
1785 2658   0  36  37
1776 2648   0  36  37
1767 2634   0  36  36
1759 2628   0  38  36
1752 2620   0  38  36
1743 2616   0  35  36
1738 2613   0  35  36
1734 2612   0  39  36
1729 2610   0  39  36
1724 2609   0  43  36
1717 2606   0  41  36
1714 2606   0  41  36
1710 2608   0  41  36
1706 2610   0  43  36
1703 2615   0  41  38
1701 2617   0  41  38
1700 2620   0  41  38
1699 2623   0  42  38
1699 2623   0  45  39
1701 2624   0  45  39
1700 2623   0  45  39
1699 2620   0  42  39
1699 2619   0  42  39
1698 2617   0  42  39
1697 2614   0  42  39
1696 2611   0  44  39
1691 2608   0  44  39
1687 2605   0  42  39
% 
% .PEN_DOWN
1684 2602  19  41  39
1681 2599  26  41  39
1680 2599  30  41  39
1679 2600  34  43  39
1682 2603  39  43  39
1687 2605  44  44  39
1698 2610  46  43  39
1711 2622  47  43  39
1728 2637  48  43  39
1746 2655  48  42  39
1763 2675  48  42  39
1779 2696  48  42  39
1793 2714  48  42  40
1803 2729  48  42  40
1811 2740  48  42  40
1816 2749  48  41  40
1816 2755  48  41  40
1814 2759  48  41  40
1807 2757  49  41  40
1797 2749  49  41  40
1785 2740  49  43  42
1770 2723  46  43  42
1753 2705  47  43  42
1739 2684  48  42  42
1728 2666  48  44  43
1722 2652  48  44  43
1720 2642  48  44  42
1722 2636  48  43  43
1730 2633  48  43  42
1742 2636  48  42  42
1754 2643  51  42  43
1771 2658  52  42  43
1786 2673  53  42  41
1800 2694  53  42  41
1817 2713  53  42  43
1830 2730  53  41  43
1841 2745  53  41  41
1849 2756  53  41  42
1853 2763  53  41  42
1857 2766  53  42  42
1855 2767  53  42  41
1853 2764  53  41  41
1844 2757  54  41  41
1835 2745  54  43  41
1825 2732  54  43  41
1817 2720  56  43  41
1811 2710  55  43  42
1807 2701  54  43  42
1807 2697  54  43  42
1809 2698  54  43  42
1814 2701  54  43  42
1822 2710  54  44  40
1834 2723  54  44  40
1848 2737  54  43  40
1862 2752  54  43  40
1875 2765  54  43  40
1886 2776  54  42  40
1894 2782  54  42  40
1898 2786  54  42  40
1901 2788  54  41  40
1901 2789  54  41  40
1900 2788  54  41  40
1898 2786  54  41  40
1894 2782  54  44  40
1890 2779  51  44  40
1887 2774  47  45  40
1884 2772  41  45  40
1886 2772  32  44  40
1889 2774  23  43  40
1895 2778  16  43  40
1907 2787  10  43  40
% 
% .PEN_UP
1920 2797   0  43  40
1933 2810   0  43  40
1944 2828   0  43  40
1956 2844   0  43  42
1967 2863   0  42  42
1978 2878   0  41  43
1986 2892   0  41  43
1993 2902   0  41  42
% 
% .PEN_DOWN
1997 2908  17  41  42
2002 2912  25  39  42
2002 2917  32  39  42
2002 2915  40  39  44
2001 2912  47  38  44
1998 2905  50  38  45
1994 2895  52  39  45
1986 2879  53  39  44
1979 2863  53  38  44
1969 2845  53  38  43
1959 2827  53  38  43
1949 2807  53  38  43
1942 2796  53  38  43
1935 2786  53  38  43
1931 2781  53  40  41
1929 2775  53  40  41
1929 2773  53  41  41
1933 2774  54  41  41
1939 2779  51  41  41
1949 2788  50  40  41
1961 2799  49  40  41
1972 2813  49  40  42
1985 2826  49  41  42
1995 2835  49  41  43
2002 2844  49  41  43
2006 2849  49  41  44
2008 2851  49  41  44
2009 2850  49  41  44
2007 2847  51  43  45
2002 2839  52  43  45
1996 2829  53  42  45
1987 2816  53  42  45
1979 2804  53  43  45
1974 2794  53  41  45
1972 2788  53  41  45
1972 2783  53  41  45
1974 2781  51  43  45
1978 2782  47  43  45
1986 2785  38  42  45
1996 2791  24  42  45
% 
% .PEN_UP
2006 2799   0  42  45
2017 2807   0  42  45
2028 2815   0  41  45
2037 2830   0  39  41
2048 2845   0  39  41
2062 2858   0  39  39
2075 2869   0  39  39
2085 2876   0  39  40
2093 2879   0  39  40
2098 2880   0  39  42
2102 2877   0  39  42
2102 2876   0  39  41
2102 2872   0  39  41
% 
% .PEN_DOWN
2103 2871  19  39  41
2103 2875  19  39  41
2103 2878  22  39  42
2103 2879  28  39  42
2103 2881  31  39  43
2104 2888  32  39  43
2105 2890  33  39  43
2106 2893  33  39  43
2107 2895  36  39  44
2106 2895  37  39  43
2105 2896  38  39  43
2103 2897  41  39  43
2097 2898  42  39  43
2092 2894  43  39  43
2084 2886  43  40  43
2074 2875  46  40  43
2063 2863  47  40  42
2054 2851  50  40  42
2045 2840  52  39  42
2039 2831  53  39  42
2039 2825  53  39  42
2041 2820  53  39  42
2046 2820  53  39  42
2052 2824  53  40  42
2063 2828  53  40  42
2076 2837  53  40  42
2088 2850  53  40  41
2101 2863  53  40  41
2109 2873  53  40  42
2114 2879  54  40  42
2117 2881  54  40  43
2119 2883  54  40  43
2117 2876  54  40  43
2111 2870  54  40  43
2106 2859  54  40  42
2099 2849  54  40  40
2095 2839  54  40  40
2092 2831  54  40  40
2092 2825  54  40  40
2095 2823  46  40  40
2100 2826  38  40  41
2106 2830  28  40  41
2114 2835  14  40  41
% 
% .PEN_UP
2123 2843   0  40  41
2133 2853   0  39  43
2141 2865   0  39  43
2150 2876   0  39  44
2157 2888   0  41  44
2163 2898   0  41  46
2168 2905   0  43  45
2172 2906   0  43  45
2173 2904   0  43  45
2172 2901   0  43  46
2169 2898   0  41  46
% 
% .PEN_DOWN
2165 2894  20  41  44
2165 2891  25  40  44
2166 2891  29  40  44
2168 2892  34  39  44
2171 2892  39  39  41
2177 2895  41  39  41
2185 2902  43  40  42
2195 2910  43  40  42
2203 2919  43  40  42
2211 2929  44  40  42
2217 2936  44  40  41
2223 2942  44  39  44
2228 2949  44  39  44
2229 2955  44  38  44
2228 2959  44  38  44
2225 2963  44  38  44
2220 2965  44  37  44
2215 2966  44  37  44
2206 2958  44  37  44
2196 2952  46  38  44
2184 2940  47  38  44
2175 2928  50  40  43
2165 2914  52  40  43
2160 2905  53  41  43
2159 2898  53  41  45
2161 2890  53  41  44
2165 2884  51  41  44
2174 2883  50  40  44
2185 2884  47  40  44
2201 2891  38  39  44
2216 2901  26  39  45
2230 2911  15  39  45
% 
% .PEN_UP
2242 2921   0  39  45
2253 2932   0  39  45
2263 2940   0  39  45
2272 2951   0  38  47
2279 2960   0  38  47
2286 2966   0  38  47
2291 2970   0  38  45
2294 2972   0  40  45
2295 2974   0  38  45
% 
% .PEN_DOWN
2296 2974  22  38  45
2296 2975  25  38  44
2296 2976  30  38  44
2297 2975  32  38  42
2297 2974  35  37  42
2298 2975  39  35  42
2298 2976  42  35  42
2301 2977  43  35  43
2305 2980  43  37  43
2310 2982  43  37  43
2314 2988  44  37  43
2319 2992  41  38  43
2324 2996  42  38  43
2329 2999  43  38  43
2329 3004  41  38  43
2330 3005  40  37  43
2325 3006  39  37  43
2321 3006  39  37  43
2313 3006  39  37  43
2304 3001  39  37  43
2292 2994  39  37  43
2282 2988  41  37  43
2275 2978  45  37  44
2266 2967  47  37  43
2260 2957  48  37  43
2257 2949  48  37  44
2257 2942  48  37  44
2257 2937  48  37  44
2262 2937  48  37  44
2267 2939  51  37  44
2277 2944  50  38  44
2288 2950  52  38  44
2300 2959  53  38  44
2310 2968  51  38  43
2319 2977  52  37  43
2327 2984  53  37  43
2334 2989  53  38  43
2338 2993  53  37  43
2339 2995  53  37  43
2337 2994  53  37  43
2332 2991  53  36  43
2324 2984  53  36  43
2313 2975  53  37  43
2298 2959  53  37  43
2277 2934  53  37  43
2253 2902  54  37  44
2223 2868  54  38  44
2187 2834  54  39  44
2157 2806  54  39  44
2133 2780  54  39  43
2115 2758  54  39  43
2104 2741  51  39  44
2099 2730  52  39  45
2096 2720  50  39  45
2097 2716  45  39  45
2101 2718  34  42  43
2109 2723  24  39  43
2118 2733  12  39  40
% 
% .PEN_UP
2129 2746   0  42  40
2143 2763   0  42  40
2158 2786   0  39  40
2177 2814   0  39  40
2199 2848   0  37  40
2224 2888   0  37  43
2249 2930   0  37  43
2277 2963   0  34  43
2306 2995   0  34  43
2335 3021   0  34  42
2360 3044   0  34  42
2383 3065   0  34  42
2403 3082   0  34  46
2419 3097   0  34  46
2432 3106   0  37  46
2440 3111   0  37  44
2444 3113   0  37  44
2445 3114   0  37  44
% 
% .PEN_DOWN
2440 3113  33  37  44
2438 3108  38  37  43
2433 3099  41  37  43
2422 3084  47  37  42
2409 3065  50  37  42
2397 3047  52  37  42
2384 3028  53  36  42
2373 3013  53  36  42
2366 3001  53  36  42
2358 2988  53  36  42
2354 2979  53  36  42
2354 2974  53  36  43
2357 2971  53  36  43
2362 2969  53  35  43
2373 2973  53  35  43
2389 2983  53  35  43
2409 2995  54  35  43
2431 3007  54  35  43
2456 3016  54  35  43
2480 3026  51  35  44
2508 3038  50  33  44
2536 3049  49  33  44
2562 3062  51  35  44
2584 3073  52  35  44
2605 3086  48  35  44
2625 3092  36  36  43
% 
